# (year fraction, calculated date, last date before, last file before, key before, first date after, first file after, key after)



GAPS = [
 (2000.3500, 1327302745, 1340483487),
 (2000.6950, 1343357509, 1347928845),
 (2000.8680, 1347964472, 1352959095),
 (2000.8780, 1353103852, 1353246377),
 (2000.8840, 1353265258, 1353318137),
 (2000.8940, 1353534654, 1353677179),
 (2000.9030, 1353893697, 1353964221),
 (2000.9110, 1354126863, 1354179743),
 (2000.9180, 1354324500, 1354395024),
 (2000.9250, 1354557666, 1354610545),
 (2000.9310, 1354755302, 1354825827),
 (2000.9360, 1354827063, 1354969588),
 (2000.9420, 1355042584, 1355171349),
 (2000.9470, 1355297631, 1355306298),
 (2000.9520, 1355385627, 1355517712),
 (2000.9560, 1355539774, 1355687052),
 (2000.9610, 1355727200, 1355863331),
 (2001.1200, 1360722983, 1360937245),
 (2001.5000, 1364481563, 1373331221),
 (2002.0000, 1383906082, 1394091067),
 (2005.5000, 1498752472, 1499045873),
 (2006.0000, 1514578411, 1514910706),
 (2006.5000, 1530543176, 1530544644),
 (2007.0000, 1546295233, 1546355125),
 (2007.5000, 1562101149, 1562101670),
 (2008.0000, 1577857825, 1577906325),
 (2008.5000, 1593658741, 1593658916),
 (2009.0000, 1609396445, 1609440913),
 (2009.5000, 1624835084, 1625234636),
 (2011.5000, 1687660449, 1688392537),
 (2012.0000, 1704110326, 1704110660),
 (2012.5000, 1719866923, 1719893660),
 (2013.0000, 1735601157, 1735908241),
 (2013.5000, 1751446782, 1751448407),
 (2014.0000, 1767194848, 1767238939),
 (2014.3000, 1776350921, 1777319980),
 (2014.5000, 1782987309, 1783069074),
 (2015.5000, 1813427693, 1814628218),
 (2016.0000, 1830232879, 1830405567),
 (2016.5000, 1846118995, 1846120329),
 (2017.0000, 1861894801, 1861899885),
 (2017.5000, 1877635907, 1877745648),
]



y = 31557600.0
e = 1593658828.0

[(k[0],e+(k[0]-2008.5)*y,e+(k[0]-2008.5)*y-k[1]) for k in GAPS]       
Out[100]: 
[(1999.6, 1312796187.9999971, 1312796187.9999971),
 (2000.35, 1336464387.9999971, 9161642.999997139),
 (2000.695, 1347351759.999998, 3994250.9999980927),
 (2000.868, 1352811224.799998, 4846752.799998045),
 (2000.878, 1353126800.7999978, 22948.79999780655),
 (2000.884, 1353316146.4000006, 50888.400000572205),
 (2000.894, 1353631722.4, 97068.40000009537),
 (2000.903, 1353915740.8000007, 22043.800000667572),
 (2000.911, 1354168201.6000018, 41338.60000181198),
 (2000.918, 1354389104.7999966, 64604.799996614456),
 (2000.925, 1354610007.9999986, 52341.99999856949),
 (2000.931, 1354799353.6000013, 44051.600001335144),
 (2000.936, 1354957141.5999975, 130078.59999752045),
 (2000.942, 1355146487.2000003, 103903.2000002861),
 (2000.947, 1355304275.1999965, 6644.199996471405),
 (2000.952, 1355462063.1999998, 76436.19999980927),
 (2000.956, 1355588293.599997, 48519.59999704361),
 (2000.961, 1355746081.6000004, 18881.60000038147),
 (2001.12, 1360763739.9999967, 40756.99999666214),
 (2001.5, 1372755628.0, 8274065.0),
 (2002.0, 1388534428.0, 4628346.0),
 (2005.5, 1498986028.0, 233556.0),
 (2006.0, 1514764828.0, 186417.0),
 (2006.5, 1530543628.0, 452.0),
 (2007.0, 1546322428.0, 27195.0),
 (2007.5, 1562101228.0, 79.0),
 (2008.0, 1577880028.0, 22203.0),
 (2008.5, 1593658828.0, 87.0),
 (2009.0, 1609437628.0, 41183.0),
 (2009.5, 1625216428.0, 381344.0),
 (2011.5, 1688331628.0, 671179.0),
 (2012.0, 1704110428.0, 102.0),
 (2012.5, 1719889228.0, 22305.0),
 (2013.0, 1735668028.0, 66871.0),
 (2013.5, 1751446828.0, 46.0),
 (2014.0, 1767225628.0, 30780.0),
 (2014.3, 1776692907.9999986, 341986.9999985695),
 (2014.5, 1783004428.0, 17119.0),
 (2015.5, 1814562028.0, 1134335.0),
 (2016.0, 1830340828.0, 107949.0),
 (2016.5, 1846119628.0, 633.0),
 (2017.0, 1861898428.0, 3627.0),
 (2017.5, 1877677228.0, 41321.0)]

[(k[0],e+(k[0]-2008.5)*y,e+(k[0]-2008.5)*y-k[2]) for k in GAPS]       
Out[101]: 
[(1999.6, 1312796187.9999971, -14505864.000002861),
 (2000.35, 1336464387.9999971, -4019099.000002861),
 (2000.695, 1347351759.999998, -577085.0000019073),
 (2000.868, 1352811224.799998, -147870.20000195503),
 (2000.878, 1353126800.7999978, -119576.20000219345),
 (2000.884, 1353316146.4000006, -1990.5999994277954),
 (2000.894, 1353631722.4, -45456.59999990463),
 (2000.903, 1353915740.8000007, -48480.19999933243),
 (2000.911, 1354168201.6000018, -11541.399998188019),
 (2000.918, 1354389104.7999966, -5919.200003385544),
 (2000.925, 1354610007.9999986, -537.0000014305115),
 (2000.931, 1354799353.6000013, -26473.399998664856),
 (2000.936, 1354957141.5999975, -12446.400002479553),
 (2000.942, 1355146487.2000003, -24861.799999713898),
 (2000.947, 1355304275.1999965, -2022.800003528595),
 (2000.952, 1355462063.1999998, -55648.800000190735),
 (2000.956, 1355588293.599997, -98758.40000295639),
 (2000.961, 1355746081.6000004, -117249.39999961853),
 (2001.12, 1360763739.9999967, -173505.00000333786),
 (2001.5, 1372755628.0, -575593.0),
 (2002.0, 1388534428.0, -5556639.0),
 (2005.5, 1498986028.0, -59845.0),
 (2006.0, 1514764828.0, -145878.0),
 (2006.5, 1530543628.0, -1016.0),
 (2007.0, 1546322428.0, -32697.0),
 (2007.5, 1562101228.0, -442.0),
 (2008.0, 1577880028.0, -26297.0),
 (2008.5, 1593658828.0, -88.0),
 (2009.0, 1609437628.0, -3285.0),
 (2009.5, 1625216428.0, -18208.0),
 (2011.5, 1688331628.0, -60909.0),
 (2012.0, 1704110428.0, -232.0),
 (2012.5, 1719889228.0, -4432.0),
 (2013.0, 1735668028.0, -240213.0),
 (2013.5, 1751446828.0, -1579.0),
 (2014.0, 1767225628.0, -13311.0),
 (2014.3, 1776692907.9999986, -627072.0000014305),
 (2014.5, 1783004428.0, -64646.0),
 (2015.5, 1814562028.0, -66190.0),
 (2016.0, 1830340828.0, -64739.0),
 (2016.5, 1846119628.0, -701.0),
 (2017.0, 1861898428.0, -1457.0),
 (2017.5, 1877677228.0, -68420.0)]






all([(e+(k[0]-2008.5)*y-k[2]) < 0 for k in GAPS])

all([(e+(k[0]-2008.5)*y-k[1]) > 0 for k in GAPS])




