"GO_0014","GOPEX/C0165357500R.LBL                       ","J/IMG/GO/SSI/C0165357500","EARTH       ", -68.409,  64.610, -68.540,  64.758, 302.704, 162.625,   5.686, 225.607,-128.724,  91.196,  14.42459,  14.48469,  14.42491, 219.06152, 1420926.293, 1427139.929,  81.446,  81.754,  70.364, 167.670,   0.332,  88.669, -22.955, -22.955, -23.094, -23.094,  -5.065,  -5.065,  -5.099,  -5.099,   0.000, 360.000,   0.000, 360.000,  14.49138,  14.49138, 1427304.790, 1427304.790,  81.701,  81.701
"GO_0014","GOPEX/C0165357800R.LBL                       ","J/IMG/GO/SSI/C0165357800","EARTH       ", -19.289,  64.997, -19.409,  65.144, 302.704, 159.535,   9.534, 226.365,-129.485,  87.346,  14.44095,  14.50331,  14.44116, 419.56896, 1422547.001, 1428824.717,  81.449,  81.756,  70.351, 169.399,   0.306,  89.234, -22.955, -22.955, -23.094, -23.094,  -5.065,  -5.065,  -5.099,  -5.099,   0.000, 360.000,   0.000, 360.000,  14.50783,  14.50783, 1428925.513, 1428925.513,  81.703,  81.703
"GO_0014","GOPEX/C0165358100R.LBL                       ","J/IMG/GO/SSI/C0165358100","EARTH       ", -39.895,  63.367, -40.085,  63.521, 302.704, 163.268,   6.557, 227.122,-130.244,  90.320,  14.45745,  14.51863,  14.45763, 287.13773, 1424165.320, 1430509.012,  81.451,  81.758,  70.461, 170.604,   0.263,  89.810, -22.956, -22.956, -23.094, -23.094,  -5.064,  -5.064,  -5.098,  -5.098,   0.000, 360.000,   0.000, 360.000,  14.52427,  14.52427, 1430543.856, 1430543.856,  81.706,  81.706
"GO_0014","GOPEX/C0165358400R.LBL                       ","J/IMG/GO/SSI/C0165358400","EARTH       ",  -0.395,  63.809,  -0.398,  63.961, 302.704, 156.155,  14.432, 227.882,-131.007,  82.443,  14.47475,  14.53402,  14.68358, 211.95251, 1425880.522, 1432082.435,  81.458,  81.761,  70.585, 163.553,   9.677,  89.385, -22.956, -22.956, -23.094, -23.094,  -5.064,  -5.064,  -5.098,  -5.098,   0.000, 360.000,   0.000, 360.000,  14.54077,  14.54077, 1432169.306, 1432169.306,  81.708,  81.708
"GO_0014","GOPEX/C0165358700R.LBL                       ","J/IMG/GO/SSI/C0165358700","EARTH       ", -68.358,  65.484, -68.490,  65.628, 302.704, 165.054,   6.289, 228.639,-131.767,  90.583,  14.49042,  14.55327,  14.49099, 611.30355, 1427409.279, 1433711.926,  81.459,  81.762,  70.711, 165.692,   0.507,  89.483, -22.956, -22.956, -23.095, -23.095,  -5.064,  -5.064,  -5.098,  -5.098,   0.000, 360.000,   0.000, 360.000,  14.55720,  14.55720, 1433787.633, 1433787.633,  81.711,  81.711
"GO_0014","GOPEX/C0165359000R.LBL                       ","J/IMG/GO/SSI/C0165359000","EARTH       ", -19.053,  64.291, -19.172,  64.441, 302.704, 161.690,  10.412, 229.397,-132.528,  86.458,  14.50675,  14.57036,  14.50772, 964.13117, 1429030.140, 1435294.210,  81.462,  81.760,  71.849, 167.448,   0.659,  89.135, -22.956, -22.956, -23.095, -23.095,  -5.063,  -5.063,  -5.097,  -5.097,   0.000, 360.000,   0.000, 360.000,  14.57365,  14.57365, 1435408.324, 1435408.324,  81.713,  81.713
"GO_0014","GOPEX/C0165359300R.LBL                       ","J/IMG/GO/SSI/C0165359300","EARTH       ", -39.697,  64.247, -39.886,  64.397, 302.704, 164.341,   8.517, 230.154,-133.287,  88.350,  14.52327,  14.58603,  14.52405, 551.36458, 1430648.363, 1436933.866,  81.464,  81.767,  70.807, 166.964,   0.594,  89.316, -22.956, -22.956, -23.095, -23.095,  -5.063,  -5.063,  -5.097,  -5.097,   0.000, 360.000,   0.000, 360.000,  14.59008,  14.59008, 1437026.625, 1437026.625,  81.716,  81.716
"GO_0014","GOPEX/C0165359600R.LBL                       ","J/IMG/GO/SSI/C0165359600","EARTH       ",  -0.098,  63.157,  -0.099,  63.312, 302.704, 157.832,  15.787, 230.914,-134.050,  81.077,  14.54049,  14.60103,  14.73932, 293.46098, 1432358.663, 1438413.625,  81.471,  81.764,  72.048, 162.458,   9.423,  88.026, -22.957, -22.957, -23.095, -23.095,  -5.063,  -5.063,  -5.097,  -5.097,   0.000, 360.000,   0.000, 360.000,  14.60659,  14.60659, 1438652.051, 1438652.051,  81.718,  81.718
"GO_0014","GOPEX/C0165359900R.LBL                       ","J/IMG/GO/SSI/C0165359900","EARTH       ", -68.156,  63.481, -68.288,  63.635, 302.704, 168.653,   5.723, 231.671,-134.810,  91.139,  14.55621,  14.61858,  14.55632, 474.58506, 1433891.777, 1440203.595,  81.468,  81.771,  71.057, 169.278,   0.212,  89.532, -22.957, -22.957, -23.095, -23.095,  -5.063,  -5.063,  -5.097,  -5.097,   0.000, 360.000,   0.000, 360.000,  14.62302,  14.62302, 1440270.336, 1440270.336,  81.721,  81.721
"GO_0014","GOPEX/C0165360200R.LBL                       ","J/IMG/GO/SSI/C0165360200","EARTH       ", -18.879,  65.164, -18.997,  65.310, 302.704, 163.045,  12.089, 232.429,-135.571,  84.770,  14.57256,  14.63567,  14.57318, 629.02014, 1435512.660, 1441750.568,  81.475,  81.768,  72.198, 164.700,   0.529,  88.902, -22.957, -22.957, -23.095, -23.095,  -5.062,  -5.062,  -5.096,  -5.096,   0.000, 360.000,   0.000, 360.000,  14.63947,  14.63947, 1441890.994, 1441890.994,  81.724,  81.724
"GO_0014","GOPEX/C0165360500R.LBL                       ","J/IMG/GO/SSI/C0165360500","EARTH       ", -39.583,  65.126, -39.772,  65.272, 302.704, 168.099,   7.791, 233.186,-136.330,  89.065,  14.58906,  14.65171,  14.58961, 508.52443, 1437130.884, 1443358.766,  81.477,  81.775,  71.153, 165.990,   0.473,  88.771, -22.957, -22.957, -23.096, -23.096,  -5.062,  -5.062,  -5.096,  -5.096,   0.000, 360.000,   0.000, 360.000,  14.65590,  14.65590, 1443509.272, 1443509.272,  81.726,  81.726
"GO_0014","GOPEX/C0165360800R.LBL                       ","J/IMG/GO/SSI/C0165360800","EARTH       ",   0.153,  64.707,   0.154,  64.855, 302.704, 162.283,  14.367, 233.947,-137.093,  82.486,  14.60633,  14.66659,  14.81179, 272.15535, 1438843.666, 1444931.469,  81.484,  81.773,  72.400, 161.823,   9.556,  88.331, -22.957, -22.957, -23.096, -23.096,  -5.062,  -5.062,  -5.096,  -5.096,   0.000, 360.000,   0.000, 360.000,  14.67241,  14.67241, 1445134.656, 1445134.656,  81.729,  81.729
"GO_0014","GOPEX/C0165361100R.LBL                       ","J/IMG/GO/SSI/C0165361100","EARTH       ", -68.104,  65.102, -68.236,  65.249, 302.704, 172.679,   4.729, 234.703,-137.853,  92.122,  14.62202,  14.68438,  14.62211, 471.07496, 1440374.346, 1446656.168,  81.481,  81.779,  71.403, 167.368,   0.180,  89.247, -22.957, -22.957, -23.096, -23.096,  -5.061,  -5.061,  -5.095,  -5.095,   0.000, 360.000,   0.000, 360.000,  14.68884,  14.68884, 1446752.918, 1446752.918,  81.731,  81.731
"GO_0014","GOPEX/C0165361400R.LBL                       ","J/IMG/GO/SSI/C0165361400","EARTH       ", -18.632,  64.027, -18.749,  64.178, 302.704, 167.573,  10.593, 235.462,-138.613,  86.255,  14.63837,  14.69968,  14.63879, 292.56053, 1441995.122, 1448292.160,  81.483,  81.777,  72.547, 168.865,   0.434,  89.413, -22.958, -22.958, -23.096, -23.096,  -5.061,  -5.061,  -5.095,  -5.095,   0.000, 360.000,   0.000, 360.000,  14.70529,  14.70529, 1448373.543, 1448373.543,  81.734,  81.734
"GO_0014","GOPEX/C0165361700R.LBL                       ","J/IMG/GO/SSI/C0165361700","EARTH       ", -40.914,  63.247, -41.104,  63.401, 302.704, 169.873,   9.050, 236.218,-139.373,  87.796,  14.65487,  14.71553,  14.65561, 250.64159, 1443613.471, 1449864.098,  81.488,  81.786,  71.008, 166.072,   0.554,  89.005, -22.958, -22.958, -23.096, -23.096,  -5.061,  -5.061,  -5.095,  -5.095,   0.000, 360.000,   0.000, 360.000,  14.72172,  14.72172, 1449991.779, 1449991.779,  81.736,  81.736
"GO_0014","GOPEX/C0165362000R.LBL                       ","J/IMG/GO/SSI/C0165362000","EARTH       ",   0.475,  65.917,   0.478,  66.060, 302.704, 165.933,  13.750, 236.979,-140.136,  83.093,  14.67217,  14.73491,  14.88807, 952.91512, 1445330.112, 1451534.669,  81.493,  81.781,  72.782, 164.126,   9.771,  89.420, -22.958, -22.958, -23.097, -23.097,  -5.060,  -5.060,  -5.094,  -5.094,   0.000, 360.000,   0.000, 360.000,  14.73822,  14.73822, 1451617.140, 1451617.140,  81.739,  81.739
"GO_0014","GOPEX/C0165362300R.LBL                       ","J/IMG/GO/SSI/C0165362300","EARTH       ", -70.729,  65.474, -70.848,  65.619, 302.704, 173.678,   6.762, 237.736,-140.896,  90.078,  14.68782,  14.74940,  14.68794, 336.83895, 1446856.775, 1453154.410,  81.492,  81.790,  71.257, 168.481,   0.141,  89.435, -22.958, -22.958, -23.097, -23.097,  -5.060,  -5.060,  -5.094,  -5.094,   0.000, 360.000,   0.000, 360.000,  14.75465,  14.75465, 1453235.360, 1453235.360,  81.741,  81.741
"GO_0014","GOPEX/C0165362600R.LBL                       ","J/IMG/GO/SSI/C0165362600","EARTH       ", -19.737,  65.939, -19.860,  66.082, 302.704, 170.126,  11.072, 238.494,-141.656,  85.765,  14.70418,  14.76669,  14.70423, 449.94927, 1448477.368, 1454749.206,  81.494,  81.792,  71.242, 168.764,   0.142,  89.196, -22.958, -22.958, -23.097, -23.097,  -5.060,  -5.060,  -5.094,  -5.094,   0.000, 360.000,   0.000, 360.000,  14.77111,  14.77111, 1454855.952, 1454855.952,  81.744,  81.744
"GO_0014","GOPEX/C0165362900R.LBL                       ","J/IMG/GO/SSI/C0165362900","EARTH       ", -43.494,  64.030, -43.686,  64.181, 302.704, 175.092,   6.863, 239.251,-142.416,  89.972,  14.72068,  14.78362,  14.72121, 632.43693, 1450095.764, 1456360.477,  81.496,  81.795,  71.337, 168.702,   0.459,  89.097, -22.959, -22.959, -23.097, -23.097,  -5.060,  -5.060,  -5.094,  -5.094,   0.000, 360.000,   0.000, 360.000,  14.78753,  14.78753, 1456474.165, 1456474.165,  81.746,  81.746
"GO_0014","GOPEX/C0165363200R.LBL                       ","J/IMG/GO/SSI/C0165363200","EARTH       ",  -0.504,  64.267,  -0.508,  64.417, 302.704, 168.950,  13.765, 240.011,-143.179,  83.067,  14.73788,  14.80127,  14.93095,2176.86517, 1451802.548, 1458038.727,  81.504,  81.797,  71.433, 163.463,   9.226,  89.611, -22.959, -22.959, -23.097, -23.097,  -5.059,  -5.059,  -5.093,  -5.093,   0.000, 360.000,   0.000, 360.000,  14.80404,  14.80404, 1458099.485, 1458099.485,  81.749,  81.749
"GO_0014","GOPEX/C0165363500R.LBL                       ","J/IMG/GO/SSI/C0165363500","EARTH       ", -44.593,  65.429, -44.785,  65.574, 302.704, 172.996,  10.475, 240.767,-143.937,  86.354,  14.75358,  14.81674,  14.75392, 721.78880, 1453336.824, 1459578.778,  81.502,  81.800,  71.161, 168.800,   0.349,  88.932, -22.959, -22.959, -23.097, -23.097,  -5.059,  -5.059,  -5.093,  -5.093,   0.000, 360.000,   0.000, 360.000,  14.82044,  14.82044, 1459715.310, 1459715.310,  81.751,  81.751
"GO_0014","GOPEX/C0165363800R.LBL                       ","J/IMG/GO/SSI/C0165363800","EARTH       ", -40.595,  65.624, -40.786,  65.769, 302.704, 175.246,   8.984, 241.525,-144.698,  87.843,  14.77004,  14.83127,  14.77073, 293.92518, 1454957.557, 1461253.223,  81.507,  81.801,  71.648, 167.672,   0.557,  89.400, -22.959, -22.959, -23.098, -23.098,  -5.059,  -5.059,  -5.093,  -5.093,   0.000, 360.000,   0.000, 360.000,  14.83690,  14.83690, 1461335.861, 1461335.861,  81.754,  81.754
"GO_0014","GOPEX/C0165364100R.LBL                       ","J/IMG/GO/SSI/C0165364100","EARTH       ", -38.479,  65.397, -38.667,  65.543, 302.704, 175.377,   9.610, 242.283,-145.458,  87.215,  14.78647,  14.84878,  14.78677, 434.40204, 1456577.331, 1462719.903,  81.511,  81.805,  71.304, 164.951,   0.340,  88.042, -22.959, -22.959, -23.098, -23.098,  -5.058,  -5.058,  -5.092,  -5.092,   0.000, 360.000,   0.000, 360.000,  14.85334,  14.85334, 1462955.823, 1462955.823,  81.756,  81.756
"GO_0014","GOPEX/C0165364400R.LBL                       ","J/IMG/GO/SSI/C0165364400","EARTH       ", -20.470,  64.405, -20.596,  64.554, 302.704, 173.830,  11.916, 243.042,-146.221,  84.906,  14.80289,  14.86384,  14.80349, 264.29227, 1458200.987, 1464533.872,  81.513,  81.807,  71.339, 165.150,   0.513,  89.753, -22.959, -22.959, -23.098, -23.098,  -5.058,  -5.058,  -5.092,  -5.092,   0.000, 360.000,   0.000, 360.000,  14.86983,  14.86983, 1464579.338, 1464579.338,  81.759,  81.759
"GO_0014","GOPEX/C0165364700R.LBL                       ","J/IMG/GO/SSI/C0165364700","EARTH       ", -41.011,  65.258, -41.202,  65.404, 302.704, 175.716,  10.787, 243.799,-146.980,  86.032,  14.81940,  14.88291,  14.82053, 992.34352, 1459819.369, 1466157.157,  81.514,  81.808,  71.719, 167.485,   0.704,  89.787, -22.960, -22.960, -23.098, -23.098,  -5.058,  -5.058,  -5.092,  -5.092,   0.000, 360.000,   0.000, 360.000,  14.88626,  14.88626, 1466197.494, 1466197.494,  81.762,  81.762
"GO_0014","GOPEX/C0165365000R.LBL                       ","J/IMG/GO/SSI/C0165365000","EARTH       ", -41.514,  63.983, -41.705,  64.134, 302.704, 179.899,   7.363, 244.557,-147.741,  89.454,  14.83585,  14.89753,  14.83652, 347.41708, 1461439.710, 1467680.787,  81.517,  81.811,  71.639, 167.714,   0.551,  88.921, -22.960, -22.960, -23.098, -23.098,  -5.058,  -5.058,  -5.091,  -5.091,   0.000, 360.000,   0.000, 360.000,  14.90271,  14.90271, 1467818.022, 1467818.022,  81.764,  81.764
"GO_0014","GOPEX/C0165365300R.LBL                       ","J/IMG/GO/SSI/C0165365300","EARTH       ", -38.861,  65.446, -39.049,  65.591, 302.704, 180.011,   8.008, 245.315,-148.501,  88.805,  14.85229,  14.91342,  14.85318, 286.72207, 1463059.718, 1469265.535,  81.520,  81.814,  71.484, 167.673,   0.621,  88.594, -22.960, -22.960, -23.099, -23.099,  -5.057,  -5.057,  -5.091,  -5.091,   0.000, 360.000,   0.000, 360.000,  14.91916,  14.91916, 1469437.952, 1469437.952,  81.767,  81.767
"GO_0014","GOPEX/C0165365600R.LBL                       ","J/IMG/GO/SSI/C0165365600","EARTH       ", -20.513,  65.347, -20.640,  65.492, 302.704, 180.422,   8.357, 246.075,-149.263,  88.454,  14.86869,  14.93037,  14.86960, 330.21717, 1464683.205, 1471006.076,  81.522,  81.816,  71.600, 167.886,   0.631,  89.634, -22.960, -22.960, -23.099, -23.099,  -5.057,  -5.057,  -5.091,  -5.091,   0.000, 360.000,   0.000, 360.000,  14.93564,  14.93564, 1471061.426, 1471061.426,  81.769,  81.769
"GO_0014","GOPEX/C0165365900R.LBL                       ","J/IMG/GO/SSI/C0165365900","EARTH       ", -44.788,  63.711, -44.980,  63.863, 302.704, 182.059,   7.477, 246.831,-150.023,  89.332,  14.88520,  14.94552,  14.88610, 235.37005, 1466301.331, 1472549.378,  81.524,  81.818,  71.697, 169.354,   0.624,  88.983, -22.960, -22.960, -23.099, -23.099,  -5.057,  -5.057,  -5.091,  -5.091,   0.000, 360.000,   0.000, 360.000,  14.95207,  14.95207, 1472679.559, 1472679.559,  81.772,  81.772
"GO_0014","GOPEX/C0165366200R.LBL                       ","J/IMG/GO/SSI/C0165366200","EARTH       ", -41.788,  64.474, -41.980,  64.623, 302.704, 181.865,   8.429, 247.590,-150.784,  88.377,  14.90164,  14.96546,  14.90185,1474.68310, 1467921.547, 1474218.063,  81.531,  81.820,  71.834, 164.185,   0.313,  89.419, -22.961, -22.961, -23.099, -23.099,  -5.056,  -5.056,  -5.090,  -5.090,   0.000, 360.000,   0.000, 360.000,  14.96852,  14.96852, 1474300.055, 1474300.055,  81.774,  81.774
"GO_0014","GOPEX/C0165366500R.LBL                       ","J/IMG/GO/SSI/C0165366500","EARTH       ", -38.667,  64.744, -38.855,  64.892, 302.704, 180.291,  10.760, 248.347,-151.544,  86.043,  14.91807,  14.98027,  14.91814, 421.58530, 1469541.348, 1475805.787,  81.532,  81.826,  71.024, 165.632,   0.085,  89.135, -22.961, -22.961, -23.099, -23.099,  -5.056,  -5.056,  -5.090,  -5.090,   0.000, 360.000,   0.000, 360.000,  14.98497,  14.98497, 1475919.944, 1475919.944,  81.777,  81.777
"GO_0014","GOPEX/C0165366800R.LBL                       ","J/IMG/GO/SSI/C0165366800","EARTH       ", -20.268,  64.786, -20.394,  64.934, 302.704, 179.222,  12.589, 249.107,-152.306,  84.212,  14.93449,  14.99843,  14.93455,1481.73565, 1471164.816, 1477461.592,  81.535,  81.829,  70.941, 165.550,   0.158,  89.421, -22.961, -22.961, -23.100, -23.100,  -5.056,  -5.056,  -5.090,  -5.090,   0.000, 360.000,   0.000, 360.000,  15.00145,  15.00145, 1477543.395, 1477543.395,  81.779,  81.779
"GO_0014","GOPEX/C0165367100R.LBL                       ","J/IMG/GO/SSI/C0165367100","EARTH       ", -41.843,  63.192, -42.034,  63.347, 302.704, 184.858,   7.710, 249.864,-153.066,  89.088,  14.95099,  15.01159,  14.95159, 251.88124, 1472783.117, 1479107.193,  81.538,  81.831,  70.863, 166.176,   0.492,  89.672, -22.961, -22.961, -23.100, -23.100,  -5.056,  -5.056,  -5.089,  -5.089,   0.000, 360.000,   0.000, 360.000,  15.01788,  15.01788, 1479161.488, 1479161.488,  81.782,  81.782
"GO_0014","GOPEX/C0165367400R.LBL                       ","J/IMG/GO/SSI/C0165367400","EARTH       ", -41.703,  63.864, -41.895,  64.015, 302.704, 185.122,   8.205, 250.622,-153.826,  88.591,  14.96743,  15.02764,  14.96810, 227.55394, 1474403.602, 1480606.557,  81.540,  81.833,  70.987, 167.578,   0.512,  88.566, -22.961, -22.961, -23.100, -23.100,  -5.055,  -5.055,  -5.089,  -5.089,   0.000, 360.000,   0.000, 360.000,  15.03433,  15.03433, 1480781.952, 1480781.952,  81.784,  81.784
"GO_0014","GOPEX/C0165367700R.LBL                       ","J/IMG/GO/SSI/C0165367700","EARTH       ", -39.598,  63.226, -39.787,  63.380, 302.704, 183.963,  10.121, 251.380,-154.587,  86.672,  14.98387,  15.04343,  14.98414, 197.77396, 1476023.300, 1482238.590,  81.542,  81.836,  71.021, 168.394,   0.299,  88.683, -22.961, -22.961, -23.100, -23.100,  -5.055,  -5.055,  -5.089,  -5.089,   0.000, 360.000,   0.000, 360.000,  15.05078,  15.05078, 1482401.818, 1482401.818,  81.787,  81.787
"GO_0014","GOPEX/C0165368000R.LBL                       ","J/IMG/GO/SSI/C0165368000","EARTH       ", -20.104,  65.884, -20.229,  66.027, 302.704, 183.768,  11.075, 252.139,-155.349,  85.715,  15.00029,  15.06250,  15.00031, 400.74252, 1477646.633, 1483900.910,  81.544,  81.838,  71.088, 168.890,   0.091,  89.044, -22.962, -22.962, -23.100, -23.100,  -5.055,  -5.055,  -5.089,  -5.089,   0.000, 360.000,   0.000, 360.000,  15.06726,  15.06726, 1484025.229, 1484025.229,  81.789,  81.789
"GO_0014","GOPEX/C0165368300R.LBL                       ","J/IMG/GO/SSI/C0165368300","EARTH       ", -45.704,  64.245, -45.897,  64.395, 302.704, 187.351,   8.249, 252.896,-156.109,  88.539,  15.01679,  15.07745,  15.01736, 256.45059, 1479264.907, 1485607.897,  81.546,  81.840,  71.175, 169.909,   0.471,  89.812, -22.962, -22.962, -23.100, -23.100,  -5.054,  -5.054,  -5.088,  -5.088,   0.000, 360.000,   0.000, 360.000,  15.08369,  15.08369, 1485643.298, 1485643.298,  81.792,  81.792
"GO_0014","GOPEX/C0165368600R.LBL                       ","J/IMG/GO/SSI/C0165368600","EARTH       ", -42.658,  65.580, -42.850,  65.724, 302.704, 187.590,   8.768, 253.654,-156.869,  88.017,  15.03323,  15.09617,  15.03332, 616.38619, 1480885.139, 1487175.658,  81.550,  81.843,  70.965, 169.360,   0.106,  89.367, -22.962, -22.962, -23.101, -23.101,  -5.054,  -5.054,  -5.088,  -5.088,   0.000, 360.000,   0.000, 360.000,  15.10014,  15.10014, 1487263.731, 1487263.731,  81.794,  81.794
"GO_0014","GOPEX/C0165368900R.LBL                       ","J/IMG/GO/SSI/C0165368900","EARTH       ", -39.403,  64.008, -39.592,  64.159, 302.704, 188.119,   8.997, 254.412,-157.630,  87.785,  15.04969,  15.11015,  15.05054, 243.42974, 1482505.299, 1488833.766,  81.555,  81.844,  71.355, 165.644,   0.601,  89.709, -22.962, -22.962, -23.101, -23.101,  -5.054,  -5.054,  -5.088,  -5.088,   0.000, 360.000,   0.000, 360.000,  15.11659,  15.11659, 1488883.557, 1488883.557,  81.797,  81.797
"GO_0014","GOPEX/C0165369200R.LBL                       ","J/IMG/GO/SSI/C0165369200","EARTH       ", -20.985,  64.312, -21.114,  64.462, 302.704, 188.634,   9.241, 255.171,-158.392,  87.538,  15.06610,  15.12877,  15.06632, 513.86339, 1484128.430, 1490476.924,  81.555,  81.848,  70.998, 171.414,   0.305,  89.867, -22.962, -22.962, -23.101, -23.101,  -5.054,  -5.054,  -5.087,  -5.087,   0.000, 360.000,   0.000, 360.000,  15.13307,  15.13307, 1490506.945, 1490506.945,  81.799,  81.799
