2000.000   9.18390130 
2000.100   9.17611446 
2000.200   9.16848578 
2000.300   9.16101895 
2000.399   9.15371637 
2000.499   9.14658133 
2000.599   9.13961857 
2000.699   9.13283287 
2000.799   9.12622913 
2000.898   9.11981019 
2000.998   9.11357902 
2001.098   9.10753939 
2001.198   9.10169655 
2001.298   9.09605761 
2001.398   9.09062828 
2001.498   9.08541319 
2001.599   9.08041500 
2001.699   9.07563594 
2001.799   9.07107974 
2001.899   9.06675056 
2001.999   9.06265365 
2002.099   9.05879261 
2002.199   9.05517015 
2002.299   9.05178880 
2002.399   9.04865119 
2002.499   9.04576181 
2002.599   9.04312435 
2002.699   9.04074161 
2002.799   9.03861441 
2002.899   9.03674223 
2003.000   9.03512585 
2003.100   9.03376689 
2003.200   9.03266888 
2003.300   9.03183448 
2003.400   9.03126466 
2003.500   9.03095942 
2003.600   9.03091764 
2003.700   9.03113987 
2003.800   9.03162685 
2003.900   9.03237911 
2004.000   9.03339608 
2004.100   9.03467540 
2004.200   9.03621559 
2004.300   9.03801561 
2004.399   9.04007635 
2004.499   9.04239867 
2004.599   9.04498158 
2004.699   9.04782291 
2004.799   9.05091849 
2004.898   9.05426530 
2004.998   9.05786132 
2005.098   9.06170532 
2005.198   9.06579620 
2005.298   9.07013087 
2005.398   9.07470614 
2005.498   9.07951834 
2005.599   9.08456511 
2005.699   9.08984501 
2005.799   9.09535523 
2005.899   9.10109210 
2005.999   9.10704972 
2006.099   9.11322267 
2006.199   9.11960697 
2006.299   9.12619995 
2006.399   9.13300003 
2006.499   9.14000363 
2006.599   9.14720623 
2006.699   9.15460211 
2006.799   9.16218587 
2006.899   9.16995381 
2006.999   9.17790177 
2007.100   9.18602570 
2007.200   9.19431974 
2007.300   9.20277771 
2007.400   9.21139450 
2007.500   9.22016589 
2007.600   9.22908937 
2007.700   9.23816099 
2007.800   9.24737551 
2007.900   9.25672613 
2008.000   9.26620540 
2008.100   9.27580795 
2008.200   9.28552908 
2008.300   9.29536524 
2008.399   9.30531171 
2008.499   9.31536245 
2008.599   9.32551161 
2008.699   9.33575347 
2008.799   9.34608427 
2008.898   9.35649979 
2008.998   9.36699473 
2009.098   9.37756258 
2009.198   9.38819556 
2009.298   9.39888787 
2009.398   9.40963489 
2009.498   9.42043355 
2009.599   9.43128035 
2009.699   9.44216977 
2009.799   9.45309578 
2009.899   9.46405145 
2009.999   9.47503168 
2010.099   9.48603203 
2010.199   9.49704790 
2010.299   9.50807432 
2010.399   9.51910462 
2010.499   9.53013320 
2010.599   9.54115532 
2010.699   9.55216778 
2010.799   9.56316781 
2010.899   9.57415058 
2010.999   9.58511032 
2011.100   9.59603971 
2011.200   9.60693292 
2011.300   9.61778591 
2011.400   9.62859523 
2011.500   9.63935791 
2011.600   9.65006888 
2011.700   9.66072292 
2011.800   9.67131498 
2011.900   9.68184111 
2012.000   9.69229857 
2012.100   9.70268317 
2012.200   9.71299009 
2012.300   9.72321299 
2012.399   9.73334628 
2012.499   9.74338646 
2012.599   9.75333095 
2012.699   9.76317823 
2012.799   9.77292481 
2012.898   9.78256607 
2012.998   9.79209674 
2013.098   9.80151198 
2013.198   9.81080899 
2013.298   9.81998474 
2013.398   9.82903635 
2013.498   9.83795955 
2013.599   9.84674963 
2013.699   9.85540351 
2013.799   9.86391883 
2013.899   9.87229474 
2013.999   9.88052889 
2014.099   9.88861735 
2014.199   9.89655522 
2014.299   9.90433745 
2014.399   9.91196165 
2014.499   9.91942618 
2014.599   9.92673011 
2014.699   9.93387145 
2014.799   9.94084661 
2014.899   9.94765270 
2014.999   9.95428701 
2015.100   9.96074851 
2015.200   9.96703577 
2015.300   9.97314613 
2015.400   9.97907628 
2015.500   9.98482206 
2015.600   9.99038164 
2015.700   9.99575434 
2015.800   10.00094051 
2015.900   10.00593993 
2016.000   10.01074998 
