2000.000   4.96534853 
2000.100   4.97047210 
2000.200   4.97631389 
2000.300   4.98285296 
2000.399   4.99006468 
2000.499   4.99792295 
2000.599   5.00640068 
2000.699   5.01546861 
2000.799   5.02509577 
2000.898   5.03524748 
2000.998   5.04588742 
2001.098   5.05697849 
2001.198   5.06848354 
2001.298   5.08036650 
2001.398   5.09258970 
2001.498   5.10511416 
2001.599   5.11789889 
2001.699   5.13090169 
2001.799   5.14408161 
2001.899   5.15739819 
2001.999   5.17081268 
2002.099   5.18428595 
2002.199   5.19777832 
2002.299   5.21125061 
2002.399   5.22466389 
2002.499   5.23798193 
2002.599   5.25116984 
2002.699   5.26419338 
2002.799   5.27701838 
2002.899   5.28960954 
2003.000   5.30193305 
2003.100   5.31395662 
2003.200   5.32565106 
2003.300   5.33698961 
2003.400   5.34794572 
2003.500   5.35849374 
2003.600   5.36860758 
2003.700   5.37826301 
2003.800   5.38743820 
2003.900   5.39611294 
2004.000   5.40426881 
2004.100   5.41188682 
2004.200   5.41894887 
2004.300   5.42543813 
2004.399   5.43134006 
2004.499   5.43664380 
2004.599   5.44133953 
2004.699   5.44541874 
2004.799   5.44887244 
2004.898   5.45169166 
2004.998   5.45386955 
2005.098   5.45540090 
2005.198   5.45628367 
2005.298   5.45651677 
2005.398   5.45609968 
2005.498   5.45503277 
2005.599   5.45331699 
2005.699   5.45095659 
2005.799   5.44795775 
2005.899   5.44432840 
2005.999   5.44007699 
2006.099   5.43521098 
2006.199   5.42973911 
2006.299   5.42367141 
2006.399   5.41702127 
2006.499   5.40980473 
2006.599   5.40203870 
2006.699   5.39374118 
2006.799   5.38492957 
2006.899   5.37562301 
2006.999   5.36584275 
2007.100   5.35561185 
2007.200   5.34495547 
2007.300   5.33389826 
2007.400   5.32246562 
2007.500   5.31068346 
2007.600   5.29857978 
2007.700   5.28618589 
2007.800   5.27353447 
2007.900   5.26065979 
2008.000   5.24759530 
2008.100   5.23437407 
2008.200   5.22103026 
2008.300   5.20759904 
2008.399   5.19411832 
2008.499   5.18062654 
2008.599   5.16716231 
2008.699   5.15376397 
2008.799   5.14046931 
2008.898   5.12731811 
2008.998   5.11435090 
2009.098   5.10160927 
2009.198   5.08913416 
2009.298   5.07696412 
2009.398   5.06513682 
2009.498   5.05368864 
2009.599   5.04265692 
2009.699   5.03207944 
2009.799   5.02199309 
2009.899   5.01243363 
2009.999   5.00343340 
2010.099   4.99502325 
2010.199   4.98723247 
2010.299   4.98008907 
2010.399   4.97362025 
2010.499   4.96784962 
2010.599   4.96279782 
2010.699   4.95848167 
2010.799   4.95491545 
2010.899   4.95211264 
2010.999   4.95008463 
2011.100   4.94884126 
2011.200   4.94838804 
2011.300   4.94872604 
2011.400   4.94985296 
2011.500   4.95176306 
2011.600   4.95444960 
2011.700   4.95790323 
2011.800   4.96211176 
2011.900   4.96705949 
2012.000   4.97272671 
2012.100   4.97909226 
2012.200   4.98613306 
2012.300   4.99382535 
2012.399   5.00214358 
2012.499   5.01105851 
2012.599   5.02053842 
2012.699   5.03054834 
2012.799   5.04105269 
2012.898   5.05201599 
2012.998   5.06340233 
2013.098   5.07517578 
2013.198   5.08729790 
2013.298   5.09972934 
2013.398   5.11242996 
2013.498   5.12535986 
2013.599   5.13848072 
2013.699   5.15175357 
2013.799   5.16513923 
2013.899   5.17859708 
2013.999   5.19208612 
2014.099   5.20556716 
2014.199   5.21900251 
2014.299   5.23235725 
2014.399   5.24559660 
2014.499   5.25868540 
2014.599   5.27158857 
2014.699   5.28427089 
2014.799   5.29669980 
2014.899   5.30884431 
2014.999   5.32067503 
2015.100   5.33216325 
2015.200   5.34327980 
2015.300   5.35399730 
2015.400   5.36428972 
2015.500   5.37413418 
2015.600   5.38351004 
2015.700   5.39239691 
2015.800   5.40077507 
2015.900   5.40862388 
2016.000   5.41592437 
