"GO_0017","J0/OPNAV/C0346405900R.LBL                    ","J/IMG/GO/SSI/C0346405900","JUPITER     ",-999.000,-999.000,-999.000,-999.000,-999.000,-999.000,-999.000,-999.000,-999.000,-999.000,-999.00000,-999.00000,-999.00000,-999.00000,    -999.000,    -999.000,-999.000,-999.000,-999.000,-999.000,-999.000,-999.000,  -1.875,  -1.875,  -2.144,  -2.144,  -5.732,  -5.732,  -6.548,  -6.548,   0.000, 360.000,   0.000, 360.000, 109.90606, 109.90606,10825018.687,10825018.687, 109.341, 109.341
"GO_0017","J0/OPNAV/C0347170900R.LBL                    ","J/IMG/GO/SSI/C0347170900","JUPITER     ",-999.000,-999.000,-999.000,-999.000,-999.000,-999.000,-999.000,-999.000,-999.000,-999.000,-999.00000,-999.00000,-999.00000,-999.00000,    -999.000,    -999.000,-999.000,-999.000,-999.000,-999.000,-999.000,-999.000,  -1.855,  -1.855,  -2.122,  -2.122,  -5.781,  -5.781,  -6.604,  -6.604,   0.000, 360.000,   0.000, 360.000,  94.56530,  94.56530, 9314055.036, 9314055.036, 106.044, 106.044
"GO_0017","J0/OPNAV/C0347559500R.LBL                    ","J/IMG/GO/SSI/C0347559500","JUPITER     ",-999.000,-999.000,-999.000,-999.000,-999.000,-999.000,-999.000,-999.000,-999.000,-999.000,-999.00000,-999.00000,-999.00000,-999.00000,    -999.000,    -999.000,-999.000,-999.000,-999.000,-999.000,-999.000,-999.000,  -1.846,  -1.846,  -2.110,  -2.110,  -5.799,  -5.799,  -6.625,  -6.625,   0.000, 360.000,   0.000, 360.000,  85.80028,  85.80028, 8450758.547, 8450758.547, 103.831, 103.831
"GO_0017","J0/OPNAV/C0347590500R.LBL                    ","J/IMG/GO/SSI/C0347590500","JUPITER     ",-999.000,-999.000,-999.000,-999.000,-999.000,-999.000,-999.000,-999.000,-999.000,-999.000,-999.00000,-999.00000,-999.00000,-999.00000,    -999.000,    -999.000,-999.000,-999.000,-999.000,-999.000,-999.000,-999.000,  -1.845,  -1.845,  -2.109,  -2.109,  -5.801,  -5.801,  -6.626,  -6.626,   0.000, 360.000,   0.000, 360.000,  85.06772,  85.06772, 8378607.021, 8378607.021, 103.633, 103.633
"GO_0017","J0/OPNAV/C0347769100R.LBL                    ","J/IMG/GO/SSI/C0347769100","JUPITER     ",-999.000,-999.000,-999.000,-999.000,-999.000,-999.000,-999.000,-999.000,-999.000,-999.000,-999.00000,-999.00000,-999.00000,-999.00000,    -999.000,    -999.000,-999.000,-999.000,-999.000,-999.000,-999.000,-999.000,  -1.840,  -1.840,  -2.104,  -2.104,  -5.806,  -5.806,  -6.632,  -6.632,   0.000, 360.000,   0.000, 360.000,  80.74232,  80.74232, 7952583.248, 7952583.248, 102.412, 102.412
"GO_0017","J0/OPNAV/C0347843900R.LBL                    ","J/IMG/GO/SSI/C0347843900","JUPITER     ",-999.000,-999.000,-999.000,-999.000,-999.000,-999.000,-999.000,-999.000,-999.000,-999.000,-999.00000,-999.00000,-999.00000,-999.00000,    -999.000,    -999.000,-999.000,-999.000,-999.000,-999.000,-999.000,-999.000,  -1.838,  -1.838,  -2.102,  -2.102,  -5.807,  -5.807,  -6.634,  -6.634,   0.000, 360.000,   0.000, 360.000,  78.87535,  78.87535, 7768699.364, 7768699.364, 101.857, 101.857
"GO_0017","J0/OPNAV/C0347996200R.LBL                    ","J/IMG/GO/SSI/C0347996200","JUPITER     ",-999.000,-999.000,-999.000,-999.000,-999.000,-999.000,-999.000,-999.000,-999.000,-999.000,-999.00000,-999.00000,-999.00000,-999.00000,    -999.000,    -999.000,-999.000,-999.000,-999.000,-999.000,-999.000,-999.000,  -1.834,  -1.834,  -2.098,  -2.098,  -5.807,  -5.807,  -6.634,  -6.634,   0.000, 360.000,   0.000, 360.000,  74.96502,  74.96502, 7383557.671, 7383557.671, 100.635, 100.635
"GO_0017","J0/OPNAV/C0348207300R.LBL                    ","J/IMG/GO/SSI/C0348207300","JUPITER     ",-999.000,-999.000,-999.000,-999.000,-999.000,-999.000,-999.000,-999.000,-999.000,-999.000,-999.00000,-999.00000,-999.00000,-999.00000,    -999.000,    -999.000,-999.000,-999.000,-999.000,-999.000,-999.000,-999.000,  -1.829,  -1.829,  -2.091,  -2.091,  -5.802,  -5.802,  -6.628,  -6.628,   0.000, 360.000,   0.000, 360.000,  69.28139,  69.28139, 6823757.376, 6823757.376,  98.688,  98.688
"GO_0017","J0/OPNAV/C0348401900R.LBL                    ","J/IMG/GO/SSI/C0348401900","JUPITER     ",-999.000,-999.000,-999.000,-999.000,-999.000,-999.000,-999.000,-999.000,-999.000,-999.000,-999.00000,-999.00000,-999.00000,-999.00000,    -999.000,    -999.000,-999.000,-999.000,-999.000,-999.000,-999.000,-999.000,  -1.824,  -1.824,  -2.086,  -2.086,  -5.787,  -5.787,  -6.611,  -6.611,   0.000, 360.000,   0.000, 360.000,  63.73490,  63.73490, 6277465.562, 6277465.562,  96.558,  96.558
"GO_0017","J0/OPNAV/C0348554200R.LBL                    ","J/IMG/GO/SSI/C0348554200","JUPITER     ",-999.000,-999.000,-999.000,-999.000,-999.000,-999.000,-999.000,-999.000,-999.000,-999.000,-999.00000,-999.00000,-999.00000,-999.00000,    -999.000,    -999.000,-999.000,-999.000,-999.000,-999.000,-999.000,-999.000,  -1.820,  -1.820,  -2.081,  -2.081,  -5.766,  -5.766,  -6.587,  -6.587,   0.000, 360.000,   0.000, 360.000,  59.15925,  59.15925, 5826793.742, 5826793.742,  94.589,  94.589
"GO_0017","J0/OPNAV/C0348557600R.LBL                    ","J/IMG/GO/SSI/C0348557600","JUPITER     ",-999.000,-999.000,-999.000,-999.000,-999.000,-999.000,-999.000,-999.000,-999.000,-999.000,-999.00000,-999.00000,-999.00000,-999.00000,    -999.000,    -999.000,-999.000,-999.000,-999.000,-999.000,-999.000,-999.000,  -1.820,  -1.820,  -2.081,  -2.081,  -5.765,  -5.765,  -6.586,  -6.586,   0.000, 360.000,   0.000, 360.000,  59.05452,  59.05452, 5816478.924, 5816478.924,  94.541,  94.541
"GO_0017","J0/OPNAV/C0348842200R.LBL                    ","J/IMG/GO/SSI/C0348842200","JUPITER     ",-999.000,-999.000,-999.000,-999.000,-999.000,-999.000,-999.000,-999.000,-999.000,-999.000,-999.00000,-999.00000,-999.00000,-999.00000,    -999.000,    -999.000,-999.000,-999.000,-999.000,-999.000,-999.000,-999.000,  -1.813,  -1.813,  -2.073,  -2.073,  -5.684,  -5.684,  -6.493,  -6.493,   0.000, 360.000,   0.000, 360.000,  49.83284,  49.83284, 4908204.081, 4908204.081,  89.792,  89.792
"GO_0017","J0/OPNAV/C0349096900R.LBL                    ","J/IMG/GO/SSI/C0349096900","JUPITER     ",-999.000,-999.000,-999.000,-999.000,-999.000,-999.000,-999.000,-999.000,-999.000,-999.000,-999.00000,-999.00000,-999.00000,-999.00000,    -999.000,    -999.000,-999.000,-999.000,-999.000,-999.000,-999.000,-999.000,  -1.806,  -1.806,  -2.065,  -2.065,  -5.516,  -5.516,  -6.302,  -6.302,   0.000, 360.000,   0.000, 360.000,  40.66942,  40.66942, 4005668.071, 4005668.071,  83.562,  83.562
"GO_0017","J0/OPNAV/C0349100400R.LBL                    ","J/IMG/GO/SSI/C0349100400","JUPITER     ",-999.000,-999.000,-999.000,-999.000,-999.000,-999.000,-999.000,-999.000,-999.000,-999.000,-999.00000,-999.00000,-999.00000,-999.00000,    -999.000,    -999.000,-999.000,-999.000,-999.000,-999.000,-999.000,-999.000,  -1.806,  -1.806,  -2.065,  -2.065,  -5.512,  -5.512,  -6.298,  -6.298,   0.000, 360.000,   0.000, 360.000,  40.53624,  40.53624, 3992550.625, 3992550.625,  83.455,  83.455
"GO_0017","J0/OPNAV/C0349137800R.LBL                    ","J/IMG/GO/SSI/C0349137800","JUPITER     ",-999.000,-999.000,-999.000,-999.000,-999.000,-999.000,-999.000,-999.000,-999.000,-999.000,-999.00000,-999.00000,-999.00000,-999.00000,    -999.000,    -999.000,-999.000,-999.000,-999.000,-999.000,-999.000,-999.000,  -1.805,  -1.805,  -2.064,  -2.064,  -5.473,  -5.473,  -6.252,  -6.252,   0.000, 360.000,   0.000, 360.000,  39.09920,  39.09920, 3851012.535, 3851012.535,  82.275,  82.275
"GO_0017","J0/OPNAV/C0349141200R.LBL                    ","J/IMG/GO/SSI/C0349141200","JUPITER     ",-999.000,-999.000,-999.000,-999.000,-999.000,-999.000,-999.000,-999.000,-999.000,-999.000,-999.00000,-999.00000,-999.00000,-999.00000,    -999.000,    -999.000,-999.000,-999.000,-999.000,-999.000,-999.000,-999.000,  -1.805,  -1.805,  -2.064,  -2.064,  -5.469,  -5.469,  -6.248,  -6.248,   0.000, 360.000,   0.000, 360.000,  38.96728,  38.96728, 3838019.148, 3838019.148,  82.163,  82.163
"GO_0017","J0/OPNAV/C0349155100R.LBL                    ","J/IMG/GO/SSI/C0349155100","JUPITER     ",-999.000,-999.000,-999.000,-999.000,-999.000,-999.000,-999.000,-999.000,-999.000,-999.000,-999.00000,-999.00000,-999.00000,-999.00000,    -999.000,    -999.000,-999.000,-999.000,-999.000,-999.000,-999.000,-999.000,  -1.805,  -1.805,  -2.064,  -2.064,  -5.452,  -5.452,  -6.229,  -6.229,   0.000, 360.000,   0.000, 360.000,  38.42569,  38.42569, 3784675.605, 3784675.605,  81.698,  81.698
"GO_0017","J0/OPNAV/C0349158600R.LBL                    ","J/IMG/GO/SSI/C0349158600","JUPITER     ",-999.000,-999.000,-999.000,-999.000,-999.000,-999.000,-999.000,-999.000,-999.000,-999.000,-999.00000,-999.00000,-999.00000,-999.00000,    -999.000,    -999.000,-999.000,-999.000,-999.000,-999.000,-999.000,-999.000,  -1.805,  -1.805,  -2.063,  -2.063,  -5.448,  -5.448,  -6.224,  -6.224,   0.000, 360.000,   0.000, 360.000,  38.28874,  38.28874, 3771186.695, 3771186.695,  81.579,  81.579
"GO_0017","J0/OPNAV/C0349193900R.LBL                    ","J/IMG/GO/SSI/C0349193900","JUPITER     ",-999.000,-999.000,-999.000,-999.000,-999.000,-999.000,-999.000,-999.000,-999.000,-999.000,-999.00000,-999.00000,-999.00000,-999.00000,    -999.000,    -999.000,-999.000,-999.000,-999.000,-999.000,-999.000,-999.000,  -1.804,  -1.804,  -2.062,  -2.062,  -5.402,  -5.402,  -6.172,  -6.172,   0.000, 360.000,   0.000, 360.000,  36.89417,  36.89417, 3633831.567, 3633831.567,  80.327,  80.327
"GO_0017","G1/IO/C0349542152R.LBL                       ","J/IMG/GO/SSI/C0349542152","JUPITER     ",-999.000,-999.000,-999.000,-999.000,-999.000,-999.000,-999.000,-999.000,-999.000,-999.000,-999.00000,-999.00000,-999.00000,-999.00000,    -999.000,    -999.000,-999.000,-999.000,-999.000,-999.000,-999.000,-999.000,  -1.795,  -1.795,  -2.052,  -2.052,  -4.215,  -4.215,  -4.817,  -4.817,   0.000, 360.000,   0.000, 360.000,  21.60243,  21.60243, 2127696.072, 2127696.072,  58.655,  58.655
"GO_0017","G1/IO/C0349542165R.LBL                       ","J/IMG/GO/SSI/C0349542165","JUPITER     ",-999.000,-999.000,-999.000,-999.000,-999.000,-999.000,-999.000,-999.000,-999.000,-999.000,-999.00000,-999.00000,-999.00000,-999.00000,    -999.000,    -999.000,-999.000,-999.000,-999.000,-999.000,-999.000,-999.000,  -1.795,  -1.795,  -2.052,  -2.052,  -4.215,  -4.215,  -4.817,  -4.817,   0.000, 360.000,   0.000, 360.000,  21.60174,  21.60174, 2127627.945, 2127627.945,  58.654,  58.654
"GO_0017","G1/IO/C0349542178R.LBL                       ","J/IMG/GO/SSI/C0349542178","JUPITER     ",-999.000,-999.000,-999.000,-999.000,-999.000,-999.000,-999.000,-999.000,-999.000,-999.000,-999.00000,-999.00000,-999.00000,-999.00000,    -999.000,    -999.000,-999.000,-999.000,-999.000,-999.000,-999.000,-999.000,  -1.795,  -1.795,  -2.052,  -2.052,  -4.215,  -4.215,  -4.817,  -4.817,   0.000, 360.000,   0.000, 360.000,  21.60104,  21.60104, 2127559.038, 2127559.038,  58.652,  58.652
"GO_0017","G1/IO/C0349542188R.LBL                       ","J/IMG/GO/SSI/C0349542188","JUPITER     ",-999.000,-999.000,-999.000,-999.000,-999.000,-999.000,-999.000,-999.000,-999.000,-999.000,-999.00000,-999.00000,-999.00000,-999.00000,    -999.000,    -999.000,-999.000,-999.000,-999.000,-999.000,-999.000,-999.000,  -1.795,  -1.795,  -2.052,  -2.052,  -4.215,  -4.215,  -4.817,  -4.817,   0.000, 360.000,   0.000, 360.000,  21.59991,  21.59991, 2127448.459, 2127448.459,  58.650,  58.650
"GO_0017","G1/JUPITER/C0349605600R.LBL                  ","J/IMG/GO/SSI/C0349605600","JUPITER     ", -20.649,  -6.885, -23.314,  -7.861, 295.410, 315.769, 158.402, 178.762, -49.397, -29.038,  35.70534,  36.06775,  41.45197,  59.92360, 1758432.708, 1776280.751,  51.728,  52.245,   8.548,  28.021,  30.530,  52.994,  -1.793,  -1.793,  -2.050,  -2.050,  -3.610,  -3.610,  -4.127,  -4.127,   0.000, 360.000,   0.000, 360.000,  36.96468,  36.96468, 1820388.143, 1820388.143,  50.606,  50.606
"GO_0017","G1/JUPITER/C0349605601R.LBL                  ","J/IMG/GO/SSI/C0349605601","JUPITER     ", -20.649,  -6.885, -23.314,  -7.861, 295.410, 315.769, 158.402, 178.762, -49.397, -29.038,  35.70534,  36.06775,  41.45197,  59.92360, 1758432.708, 1776280.751,  51.728,  52.245,   8.548,  28.021,  30.530,  52.994,  -1.793,  -1.793,  -2.050,  -2.050,  -3.610,  -3.610,  -4.127,  -4.127,   0.000, 360.000,   0.000, 360.000,  36.96468,  36.96468, 1820388.143, 1820388.143,  50.606,  50.606
"GO_0017","G1/JUPITER/C0349605622R.LBL                  ","J/IMG/GO/SSI/C0349605622","JUPITER     ", -21.458,  -7.867, -24.203,  -8.980, 309.785, 326.730, 147.589, 164.534, -35.167, -18.221,  35.59267,  35.83962,  37.87309,  47.17413, 1752884.083, 1765045.908,  51.328,  51.846,  20.040,  36.832,  19.985,  40.560,  -1.793,  -1.793,  -2.050,  -2.050,  -3.610,  -3.610,  -4.126,  -4.126,   0.000, 360.000,   0.000, 360.000,  36.96227,  36.96227, 1820269.381, 1820269.381,  50.603,  50.603
"GO_0017","G1/JUPITER/C0349605645R.LBL                  ","J/IMG/GO/SSI/C0349605645","JUPITER     ", -22.029,  -8.557, -24.830,  -9.763, 321.935, 336.981, 137.492, 152.538, -23.167,  -8.121,  35.53220,  35.70106,  36.21900,  41.74901, 1749905.981, 1758222.128,  50.930,  51.448,  30.695,  45.865,  11.176,  31.226,  -1.793,  -1.793,  -2.050,  -2.050,  -3.609,  -3.609,  -4.126,  -4.126,   0.000, 360.000,   0.000, 360.000,  36.95975,  36.95975, 1820145.291, 1820145.291,  50.599,  50.599
"GO_0017","G1/JUPITER/C0349605668R.LBL                  ","J/IMG/GO/SSI/C0349605668","JUPITER     ", -31.724, -16.915, -35.258, -19.176, 286.105, 313.640, 160.988, 188.523, -59.148, -31.613,  35.77248,  36.30196,  44.45450,  84.45662, 1761739.394, 1787815.252,  51.747,  52.263,  17.510,  35.609,  36.419,  64.543,  -1.793,  -1.793,  -2.050,  -2.050,  -3.609,  -3.609,  -4.126,  -4.126,   0.000, 360.000,   0.000, 360.000,  36.95723,  36.95723, 1820021.193, 1820021.193,  50.595,  50.595
"GO_0017","G1/JUPITER/C0349605700R.LBL                  ","J/IMG/GO/SSI/C0349605700","JUPITER     ", -32.645, -17.934, -36.227, -20.310, 304.198, 325.266, 149.517, 170.584, -41.205, -20.138,  35.65219,  36.01000,  40.17153,  57.26858, 1755815.246, 1773437.010,  51.348,  51.865,  24.217,  42.326,  27.440,  51.039,  -1.793,  -1.793,  -2.050,  -2.050,  -3.609,  -3.609,  -4.125,  -4.125,   0.000, 360.000,   0.000, 360.000,  36.95471,  36.95471, 1819897.101, 1819897.101,  50.591,  50.591
"GO_0017","G1/JUPITER/C0349605722R.LBL                  ","J/IMG/GO/SSI/C0349605722","JUPITER     ", -33.458, -18.787, -37.079, -21.257, 318.341, 336.112, 138.818, 156.589, -27.206,  -9.435,  35.58818,  35.84850,  38.23892,  48.55054, 1752662.556, 1765483.088,  50.949,  51.467,  33.306,  50.305,  21.459,  42.407,  -1.793,  -1.793,  -2.050,  -2.050,  -3.608,  -3.608,  -4.125,  -4.125,   0.000, 360.000,   0.000, 360.000,  36.95230,  36.95230, 1819778.334, 1819778.334,  50.588,  50.588
"GO_0017","G1/JUPITER/C0349605745R.LBL                  ","J/IMG/GO/SSI/C0349605745","JUPITER     ", -20.573,  -6.804, -23.230,  -7.769, 295.425, 316.038, 159.048, 179.661, -50.274, -29.662,  35.69820,  36.06868,  41.71175,  61.04758, 1758081.171, 1776326.799,  51.728,  52.245,   7.939,  27.530,  31.149,  53.784,  -1.793,  -1.793,  -2.050,  -2.050,  -3.608,  -3.608,  -4.125,  -4.125,   0.000, 360.000,   0.000, 360.000,  36.94975,  36.94975, 1819652.894, 1819652.894,  50.584,  50.584
"GO_0017","G1/JUPITER/C0349605768R.LBL                  ","J/IMG/GO/SSI/C0349605768","JUPITER     ", -21.389,  -7.798, -24.128,  -8.901, 309.980, 327.049, 148.192, 165.261, -35.871, -18.801,  35.58225,  35.83400,  37.99460,  47.57885, 1752370.720, 1764768.780,  51.328,  51.846,  19.392,  36.298,  20.528,  41.136,  -1.793,  -1.793,  -2.050,  -2.050,  -3.608,  -3.608,  -4.124,  -4.124,   0.000, 360.000,   0.000, 360.000,  36.94723,  36.94723, 1819528.791, 1819528.791,  50.580,  50.580
"GO_0017","G1/JUPITER/C0349605800R.LBL                  ","J/IMG/GO/SSI/C0349605800","JUPITER     ", -21.966,  -8.496, -24.761,  -9.694, 322.202, 337.321, 138.075, 153.193, -23.799,  -8.681,  35.51912,  35.69158,  36.25677,  41.92786, 1749261.679, 1757754.862,  50.930,  51.448,  30.093,  45.319,  11.578,  31.651,  -1.793,  -1.793,  -2.050,  -2.050,  -3.608,  -3.608,  -4.124,  -4.124,   0.000, 360.000,   0.000, 360.000,  36.94471,  36.94471, 1819404.695, 1819404.695,  50.576,  50.576
"GO_0017","G1/JUPITER/C0349605801R.LBL                  ","J/IMG/GO/SSI/C0349605801","JUPITER     ", -21.966,  -8.496, -24.761,  -9.694, 322.202, 337.321, 138.075, 153.193, -23.799,  -8.681,  35.51912,  35.69158,  36.25677,  41.92786, 1749261.679, 1757754.862,  50.930,  51.448,  30.093,  45.319,  11.578,  31.651,  -1.793,  -1.793,  -2.050,  -2.050,  -3.608,  -3.608,  -4.124,  -4.124,   0.000, 360.000,   0.000, 360.000,  36.94471,  36.94471, 1819404.695, 1819404.695,  50.576,  50.576
"GO_0017","G1/JUPITER/C0349605822R.LBL                  ","J/IMG/GO/SSI/C0349605822","JUPITER     ", -31.633, -16.827, -35.162, -19.078, 285.800, 313.870, 161.673, 189.743, -60.346, -32.276,  35.76577,  36.30901,  44.76699,  87.54191, 1761408.864, 1788162.551,  51.747,  52.263,  17.330,  35.271,  36.972,  65.495,  -1.793,  -1.793,  -2.050,  -2.050,  -3.607,  -3.607,  -4.124,  -4.124,   0.000, 360.000,   0.000, 360.000,  36.94230,  36.94230, 1819285.924, 1819285.924,  50.573,  50.573
