"GO_0017","G1/IO/C0349542152R.LBL                       ","J/IMG/GO/SSI/C0349542152","IO          ", -80.995,  67.185, -81.033,  67.423, 302.847, 155.224,  45.681, 258.057,-126.128,  86.248,  22.75706,  22.77483,  22.76582, 654.63697, 2241454.538, 2243205.836,  48.006,  48.098,   4.329, 133.037,   1.591,  88.005,  -1.804,  -1.804,  -1.829,  -1.829,  -3.982,  -3.982,  -4.004,  -4.004,   0.000, 360.000,   0.000, 360.000,  22.77589,  22.77589, 2243274.666, 2243274.666,  48.052,  48.052
"GO_0017","G1/IO/C0349542165R.LBL                       ","J/IMG/GO/SSI/C0349542165","IO          ", -72.637,  76.121, -72.705,  76.266, 302.847, 153.742,  47.183, 258.078,-126.145,  84.750,  22.75507,  22.77243,  22.76280, 398.21031, 2241258.005, 2242968.990,  48.003,  48.095,   3.925, 132.528,   1.494,  86.719,  -1.804,  -1.804,  -1.829,  -1.829,  -3.982,  -3.982,  -4.004,  -4.004,   0.000, 360.000,   0.000, 360.000,  22.77390,  22.77390, 2243078.213, 2243078.213,  48.049,  48.049
"GO_0017","G1/IO/C0349542178R.LBL                       ","J/IMG/GO/SSI/C0349542178","IO          ", -86.180,  66.344, -86.202,  66.634, 302.847, 162.380,  38.566, 258.098,-126.163,  93.370,  22.75305,  22.76964,  22.76210, 231.03008, 2241059.409, 2242835.047,  48.003,  48.091,   3.570, 125.390,   1.619,  88.492,  -1.804,  -1.804,  -1.829,  -1.829,  -3.983,  -3.983,  -4.004,  -4.004,   0.000, 360.000,   0.000, 360.000,  22.77188,  22.77188, 2242879.502, 2242879.502,  48.046,  48.046
"GO_0017","G1/IO/C0349542188R.LBL                       ","J/IMG/GO/SSI/C0349542188","IO          ", -78.570,  68.837, -78.615,  69.049, 302.847, 158.011,  42.967, 258.131,-126.191,  88.973,  22.74984,  22.76596,  22.78367, 185.94224, 2240742.476, 2242457.130,  47.997,  48.086,   1.524, 126.387,   3.125,  86.586,  -1.804,  -1.804,  -1.829,  -1.829,  -3.983,  -3.983,  -4.005,  -4.005,   0.000, 360.000,   0.000, 360.000,  22.76864,  22.76864, 2242560.586, 2242560.586,  48.041,  48.041
"GO_0017","G1/GANYMEDE/C0349632000R.LBL                 ","J/IMG/GO/SSI/C0349632000","GANYMEDE    ", -88.176,  79.644, -88.176,  79.644, 353.584, 304.251,   1.378, 312.045,-161.937, 148.730,   6.73883,   6.76505,   6.73916, 489.59385,  663733.756,  666323.380,  30.175,  30.625,   0.343, 116.603,   0.566,  89.208,  -1.873,  -1.873,  -1.873,  -1.873,  -8.065,  -8.065,  -8.065,  -8.065,   0.000, 360.000,   0.000, 360.000,   6.76558,   6.76558,  666364.932,  666364.932,  30.400,  30.400
"GO_0017","G1/GANYMEDE/C0349632100R.LBL                 ","J/IMG/GO/SSI/C0349632100","GANYMEDE    ", -87.924,  76.592, -87.924,  76.592,  61.882, 317.322, 348.339, 243.779, -93.668, 161.772,  13.46604,  13.51757,  13.46938, 431.67814,  663161.224,  665724.700,  30.171,  30.622,   0.363, 118.255,   1.276,  88.651,  -1.873,  -1.873,  -1.873,  -1.873,  -8.067,  -8.067,  -8.067,  -8.067,   0.000, 360.000,   0.000, 360.000,  13.51953,  13.51953,  665791.878,  665791.878,  30.397,  30.397
"GO_0017","G1/GANYMEDE/C0349632122R.LBL                 ","J/IMG/GO/SSI/C0349632122","GANYMEDE    ", -88.185,  77.464, -88.185,  77.464,  55.925, 325.220, 340.450, 249.745, -99.633, 169.662,  13.46293,  13.51432,  13.46524, 398.30884,  663008.259,  665554.866,  30.171,  30.621,   0.242, 117.594,   1.060,  88.279,  -1.873,  -1.873,  -1.873,  -1.873,  -8.067,  -8.067,  -8.067,  -8.067,   0.000, 360.000,   0.000, 360.000,  13.51642,  13.51642,  665639.115,  665639.115,  30.396,  30.396
"GO_0017","G1/GANYMEDE/C0349632145R.LBL                 ","J/IMG/GO/SSI/C0349632145","GANYMEDE    ", -88.244,  75.944, -88.244,  75.944,  62.703, 330.544, 335.135, 242.976, -92.863, 174.978,  13.45972,  13.51133,  13.46113, 443.58655,  662849.926,  665406.860,  30.170,  30.621,   0.348, 116.271,   0.831,  88.499,  -1.873,  -1.873,  -1.873,  -1.873,  -8.068,  -8.068,  -8.068,  -8.068,   0.000, 360.000,   0.000, 360.000,  13.51321,  13.51321,  665480.954,  665480.954,  30.395,  30.395
"GO_0017","G1/GANYMEDE/C0349632168R.LBL                 ","J/IMG/GO/SSI/C0349632168","GANYMEDE    ", -88.012,  78.462, -88.012,  78.462,  53.497, 302.704,   2.984, 252.191,-102.078, 147.130,  13.45650,  13.50836,  13.45728, 527.25926,  662691.654,  665285.899,  30.170,  30.620,   0.570, 113.725,   0.615,  89.310,  -1.873,  -1.873,  -1.873,  -1.873,  -8.068,  -8.068,  -8.068,  -8.068,   0.000, 360.000,   0.000, 360.000,  13.51000,  13.51000,  665322.808,  665322.808,  30.394,  30.394
"GO_0017","G1/GANYMEDE/C0349632200R.LBL                 ","J/IMG/GO/SSI/C0349632200","GANYMEDE    ", -87.510,  76.755, -87.510,  76.755,  35.745, 302.704,   2.992, 269.952,-119.837, 147.122,  13.45336,  13.50560,  13.45375, 761.16698,  662536.876,  665129.362,  30.170,  30.615,   0.814, 116.532,   0.435,  89.270,  -1.873,  -1.873,  -1.873,  -1.873,  -8.069,  -8.069,  -8.069,  -8.069,   0.000, 360.000,   0.000, 360.000,  13.50686,  13.50686,  665168.105,  665168.105,  30.394,  30.394
"GO_0017","G1/IO/C0349673952R.LBL                       ","J/IMG/GO/SSI/C0349673952","IO          ", -86.739,  73.684, -86.776,  73.874, 176.164, 350.429,  38.743, 213.009, -87.644,  86.622,  13.90103,  13.91890,  13.90799, 441.82398, 1369168.278, 1370956.458,  54.523,  54.672,   1.337, 133.557,   1.813,  89.034,  -1.803,  -1.803,  -1.825,  -1.825,  -2.737,  -2.737,  -2.748,  -2.748,   0.000, 360.000,   0.000, 360.000,  13.91958,  13.91958, 1370986.833, 1370986.833,  54.596,  54.596
"GO_0017","G1/IO/C0349673965R.LBL                       ","J/IMG/GO/SSI/C0349673965","IO          ", -73.936,  71.381, -74.044,  71.570, 175.541, 352.695,  36.498, 213.652, -88.285,  88.869,  13.90164,  13.91915,  13.91304, 284.19921, 1369226.226, 1370963.712,  54.518,  54.670,   0.724, 140.627,   2.319,  87.437,  -1.803,  -1.803,  -1.825,  -1.825,  -2.736,  -2.736,  -2.748,  -2.748,   0.000, 360.000,   0.000, 360.000,  13.92017,  13.92017, 1371044.201, 1371044.201,  54.594,  54.594
"GO_0017","G1/IO/C0349673978R.LBL                       ","J/IMG/GO/SSI/C0349673978","IO          ", -80.546,  78.350, -80.617,  78.489, 175.010, 348.993,  40.221, 214.204, -88.835,  85.147,  13.90220,  13.91994,  13.90679, 372.75541, 1369284.034, 1371032.279,  54.519,  54.668,   1.039, 133.518,   1.472,  87.859,  -1.803,  -1.803,  -1.825,  -1.825,  -2.736,  -2.736,  -2.747,  -2.747,   0.000, 360.000,   0.000, 360.000,  13.92076,  13.92076, 1371102.896, 1371102.896,  54.592,  54.592
"GO_0017","G1/IO/C0349673988R.LBL                       ","J/IMG/GO/SSI/C0349673988","IO          ", -80.395,  76.982, -80.456,  77.084, 176.439, 355.512,  33.735, 212.808, -87.436,  91.637,  13.90316,  13.92052,  13.90562, 246.66306, 1369376.432, 1371172.990,  54.514,  54.663,   1.652, 137.316,   1.076,  89.271,  -1.803,  -1.803,  -1.825,  -1.825,  -2.735,  -2.735,  -2.746,  -2.746,   0.000, 360.000,   0.000, 360.000,  13.92170,  13.92170, 1371195.577, 1371195.577,  54.589,  54.589
"GO_0017","G1/IO/C0349746300R.LBL                       ","J/IMG/GO/SSI/C0349746300","IO          ", -82.276,  75.140, -82.362,  75.198, 252.831,  61.794,  70.714, 239.677, -84.924,  84.039,  15.34060,  15.35781,  15.34377, 206.98995, 1510939.752, 1512666.998,  25.217,  25.350,   1.557, 106.249,   1.165,  86.978,  -1.799,  -1.799,  -1.816,  -1.816,  -0.353,  -0.353,  -0.358,  -0.358,   0.000, 360.000,   0.000, 360.000,  15.35908,  15.35908, 1512767.347, 1512767.347,  25.284,  25.284
"GO_0017","G1/IO/C0349746313R.LBL                       ","J/IMG/GO/SSI/C0349746313","IO          ", -81.783,  74.907, -81.894,  74.984, 252.274,  64.924,  67.604, 240.254, -85.493,  87.157,  15.34040,  15.35793,  15.34630, 276.52332, 1510920.071, 1512693.351,  25.206,  25.342,   0.677, 110.823,   1.586,  88.461,  -1.799,  -1.799,  -1.816,  -1.816,  -0.352,  -0.352,  -0.357,  -0.357,   0.000, 360.000,   0.000, 360.000,  15.35887,  15.35887, 1512747.344, 1512747.344,  25.275,  25.275
"GO_0017","G1/IO/C0349746326R.LBL                       ","J/IMG/GO/SSI/C0349746326","IO          ", -70.780,  72.828, -71.004,  72.904, 248.897,  65.813,  66.735, 243.652, -88.881,  88.035,  15.34019,  15.35840,  15.34114, 686.13874, 1510899.119, 1512691.776,  25.199,  25.335,   2.415, 109.327,   0.642,  88.712,  -1.799,  -1.799,  -1.816,  -1.816,  -0.352,  -0.352,  -0.357,  -0.357,   0.000, 360.000,   0.000, 360.000,  15.35867,  15.35867, 1512726.977, 1512726.977,  25.266,  25.266
"GO_0017","G1/IO/C0349746336R.LBL                       ","J/IMG/GO/SSI/C0349746336","IO          ", -83.023,  75.362, -83.105,  75.420, 252.191,  65.409,  67.160, 240.378, -85.598,  87.619,  15.33998,  15.35737,  15.34326, 257.72469, 1510879.349, 1512639.947,  25.191,  25.323,   1.077, 112.372,   1.184,  88.157,  -1.799,  -1.799,  -1.816,  -1.816,  -0.352,  -0.352,  -0.356,  -0.356,   0.000, 360.000,   0.000, 360.000,  15.35846,  15.35846, 1512706.934, 1512706.934,  25.257,  25.257
"GO_0017","G1/GANYMEDE/C0349758939R.LBL                 ","J/IMG/GO/SSI/C0349758939","GANYMEDE    ",  10.165,  11.836,  10.165,  11.836, 167.053, 168.708, 181.744, 183.399, -14.806, -13.152,   0.07561,   0.07598,   0.08131,   0.08336,    7447.239,    7483.801,  15.921,  16.480,  12.184,  14.084,  21.578,  24.285,  -1.872,  -1.872,  -1.872,  -1.872,   1.174,   1.174,   1.174,   1.174,   0.000, 360.000,   0.000, 360.000,   0.10093,   0.10093,    9941.268,    9941.268,  11.805,  11.805
"GO_0017","G1/GANYMEDE/C0349758952R.LBL                 ","J/IMG/GO/SSI/C0349758952","GANYMEDE    ",   9.998,  11.644,   9.998,  11.644, 168.279, 169.903, 180.554, 182.179, -13.469, -11.845,   0.07479,   0.07514,   0.07961,   0.08146,    7366.914,    7400.758,  15.406,  15.967,  11.891,  13.665,  20.031,  22.724,  -1.872,  -1.872,  -1.872,  -1.872,   1.246,   1.246,   1.246,   1.246,   0.000, 360.000,   0.000, 360.000,   0.10031,   0.10031,    9880.165,    9880.165,  11.712,  11.712
"GO_0017","G1/GANYMEDE/C0349758965R.LBL                 ","J/IMG/GO/SSI/C0349758965","GANYMEDE    ",  11.137,  12.808,  11.137,  12.808, 168.366, 170.006, 180.456, 182.096, -13.269, -11.629,   0.07426,   0.07462,   0.07940,   0.08134,    7314.052,    7349.284,  15.240,  15.801,  13.024,  14.804,  20.737,  23.455,  -1.872,  -1.872,  -1.872,  -1.872,   1.319,   1.319,   1.319,   1.319,   0.000, 360.000,   0.000, 360.000,   0.09969,   0.09969,    9819.111,    9819.111,  11.618,  11.618
"GO_0017","G1/GANYMEDE/C0349758978R.LBL                 ","J/IMG/GO/SSI/C0349758978","GANYMEDE    ",  11.315,  12.975,  11.315,  12.975, 167.174, 168.806, 181.661, 183.293, -14.347, -12.715,   0.07379,   0.07417,   0.07957,   0.08162,    7268.249,    7305.127,  15.518,  16.078,  13.311,  15.169,  21.975,  24.675,  -1.872,  -1.872,  -1.872,  -1.872,   1.392,   1.392,   1.392,   1.392,   0.000, 360.000,   0.000, 360.000,   0.09907,   0.09907,    9758.116,    9758.116,  11.524,  11.524
"GO_0017","G1/GANYMEDE/C0349759013R.LBL                 ","J/IMG/GO/SSI/C0349759013","GANYMEDE    ",  18.111,  20.097,  18.111,  20.097, 148.116, 150.285, 200.192, 202.362, -33.172, -31.003,   0.07736,   0.07829,   0.11130,   0.12003,    7619.810,    7711.335,  20.618,  21.164,  28.191,  31.040,  45.965,  49.287,  -1.872,  -1.872,  -1.872,  -1.872,   1.543,   1.543,   1.543,   1.543,   0.000, 360.000,   0.000, 360.000,   0.09784,   0.09784,    9636.266,    9636.266,  11.336,  11.336
"GO_0017","G1/GANYMEDE/C0349759026R.LBL                 ","J/IMG/GO/SSI/C0349759026","GANYMEDE    ",  18.457,  20.456,  18.457,  20.456, 146.276, 148.566, 201.917, 204.206, -34.893, -32.603,   0.07726,   0.07825,   0.11522,   0.12515,    7609.948,    7707.472,  20.942,  21.487,  29.635,  32.574,  47.889,  51.299,  -1.872,  -1.872,  -1.872,  -1.872,   1.620,   1.620,   1.620,   1.620,   0.000, 360.000,   0.000, 360.000,   0.09722,   0.09722,    9575.428,    9575.428,  11.241,  11.241
"GO_0017","G1/GANYMEDE/C0349759039R.LBL                 ","J/IMG/GO/SSI/C0349759039","GANYMEDE    ",  17.263,  19.182,  17.263,  19.182, 146.365, 148.599, 201.888, 204.122, -34.684, -32.450,   0.07644,   0.07738,   0.11247,   0.12167,    7528.629,    7621.978,  20.908,  21.453,  28.843,  31.700,  47.188,  50.505,  -1.872,  -1.872,  -1.872,  -1.872,   1.697,   1.697,   1.697,   1.697,   0.000, 360.000,   0.000, 360.000,   0.09660,   0.09660,    9514.637,    9514.637,  11.147,  11.147
"GO_0017","G1/GANYMEDE/C0349759052R.LBL                 ","J/IMG/GO/SSI/C0349759052","GANYMEDE    ",  16.960,  18.830,  16.960,  18.830, 148.175, 150.257, 200.236, 202.318, -32.752, -30.670,   0.07525,   0.07613,   0.10669,   0.11450,    7412.111,    7497.945,  20.428,  20.974,  27.444,  30.166,  45.140,  48.328,  -1.872,  -1.872,  -1.872,  -1.872,   1.776,   1.776,   1.776,   1.776,   0.000, 360.000,   0.000, 360.000,   0.09599,   0.09599,    9453.903,    9453.903,  11.052,  11.052
"GO_0017","G1/GANYMEDE/C0349760100R.LBL                 ","J/IMG/GO/SSI/C0349760100","GANYMEDE    ",  15.869,  16.695,  15.869,  16.695, 135.535, 136.874, 213.987, 215.326, -28.541, -27.202,   0.06466,   0.06558,   0.09752,   0.10302,    3184.282,    3229.677,  16.895,  17.447,  38.108,  39.371,  48.467,  50.461,  -1.872,  -1.872,  -1.872,  -1.872,  12.024,  12.024,  12.024,  12.024,   0.000, 360.000,   0.000, 360.000,   0.10778,   0.10778,    5307.887,    5307.887,  15.445,  15.445
"GO_0017","G1/GANYMEDE/C0349760122R.LBL                 ","J/IMG/GO/SSI/C0349760122","GANYMEDE    ",  15.696,  16.510,  15.696,  16.510, 134.871, 136.194, 214.675, 215.998, -28.483, -27.160,   0.06299,   0.06390,   0.09569,   0.10112,    3102.130,    3147.045,  17.134,  17.685,  38.644,  39.877,  48.831,  50.807,  -1.872,  -1.872,  -1.872,  -1.872,  12.429,  12.429,  12.429,  12.429,   0.000, 360.000,   0.000, 360.000,   0.10608,   0.10608,    5224.243,    5224.243,  16.131,  16.131
"GO_0017","G1/GANYMEDE/C0349760145R.LBL                 ","J/IMG/GO/SSI/C0349760145","GANYMEDE    ",  15.489,  16.288,  15.489,  16.288, 134.275, 135.573, 215.306, 216.604, -28.298, -27.000,   0.06120,   0.06210,   0.09341,   0.09871,    3013.967,    3058.071,  17.401,  17.950,  39.121,  40.316,  49.069,  51.019,  -1.872,  -1.872,  -1.872,  -1.872,  12.865,  12.865,  12.865,  12.865,   0.000, 360.000,   0.000, 360.000,   0.10433,   0.10433,    5137.947,    5137.947,  16.885,  16.885
"GO_0017","G1/GANYMEDE/C0349760168R.LBL                 ","J/IMG/GO/SSI/C0349760168","GANYMEDE    ",  15.255,  16.035,  15.255,  16.035, 133.755, 135.021, 215.866, 217.132, -28.006, -26.740,   0.05938,   0.06025,   0.09085,   0.09597,    2924.184,    2967.219,  17.703,  18.250,  39.531,  40.681,  49.190,  51.110,  -1.872,  -1.872,  -1.872,  -1.872,  13.312,  13.312,  13.312,  13.312,   0.000, 360.000,   0.000, 360.000,   0.10260,   0.10260,    5052.832,    5052.832,  17.677,  17.677
"GO_0017","G1/GANYMEDE/C0349760200R.LBL                 ","J/IMG/GO/SSI/C0349760200","GANYMEDE    ",  14.990,  15.748,  14.990,  15.748, 133.327, 134.554, 216.342, 217.569, -27.592, -26.366,   0.05751,   0.05836,   0.08797,   0.09285,    2832.422,    2874.091,  18.052,  18.597,  39.859,  40.957,  49.174,  51.055,  -1.872,  -1.872,  -1.872,  -1.872,  13.772,  13.772,  13.772,  13.772,   0.000, 360.000,   0.000, 360.000,   0.10090,   0.10090,    4968.961,    4968.961,  18.508,  18.508
"GO_0017","G1/GANYMEDE/C0349760222R.LBL                 ","J/IMG/GO/SSI/C0349760222","GANYMEDE    ",  14.702,  15.435,  14.702,  15.435, 132.984, 134.165, 216.739, 217.921, -27.099, -25.917,   0.05571,   0.05652,   0.08501,   0.08962,    2743.520,    2783.670,  18.457,  18.999,  40.110,  41.153,  49.057,  50.897,  -1.872,  -1.872,  -1.872,  -1.872,  14.224,  14.224,  14.224,  14.224,   0.000, 360.000,   0.000, 360.000,   0.09929,   0.09929,    4889.914,    4889.914,  19.340,  19.340
"GO_0017","G1/GANYMEDE/C0349760245R.LBL                 ","J/IMG/GO/SSI/C0349760245","GANYMEDE    ",  14.449,  15.154,  14.449,  15.154, 132.486, 133.625, 217.289, 218.428, -26.689, -25.551,   0.05393,   0.05472,   0.08244,   0.08685,    2656.139,    2695.034,  18.966,  19.506,  40.516,  41.508,  49.137,  50.940,  -1.872,  -1.872,  -1.872,  -1.872,  14.708,  14.708,  14.708,  14.708,   0.000, 360.000,   0.000, 360.000,   0.09764,   0.09764,    4808.664,    4808.664,  20.247,  20.247
"GO_0017","G1/GANYMEDE/C0349760268R.LBL                 ","J/IMG/GO/SSI/C0349760268","GANYMEDE    ",  14.119,  14.788,  14.119,  14.788, 132.353, 133.426, 217.497, 218.570, -25.880, -24.807,   0.05196,   0.05270,   0.07867,   0.08270,    2558.668,    2595.343,  19.527,  20.063,  40.589,  41.507,  48.670,  50.415,  -1.872,  -1.872,  -1.872,  -1.872,  15.205,  15.205,  15.205,  15.205,   0.000, 360.000,   0.000, 360.000,   0.09602,   0.09602,    4728.867,    4728.867,  21.196,  21.196
"GO_0017","G1/GANYMEDE/C0349761200R.LBL                 ","J/IMG/GO/SSI/C0349761200","GANYMEDE    ",  30.234,  30.443,  30.234,  30.443,  90.632,  90.878, 260.372, 260.617,  -2.616,  -2.371,   0.01019,   0.01021,   0.01032,   0.01037,    1003.891,    1005.914,  75.544,  76.049,  82.669,  82.860,   8.898,   9.866,  -1.872,  -1.872,  -1.872,  -1.872,  31.802,  31.802,  31.802,  31.802,   0.000, 360.000,   0.000, 360.000,   0.03682,   0.03682,    3626.319,    3626.319,  80.829,  80.829
"GO_0017","G1/GANYMEDE/C0349761213R.LBL                 ","J/IMG/GO/SSI/C0349761213","GANYMEDE    ",  30.245,  30.456,  30.245,  30.456,  90.424,  90.670, 260.585, 260.830,  -1.634,  -1.388,   0.01035,   0.01037,   0.01042,   0.01045,    1019.540,    1021.030,  78.735,  79.239,  82.852,  83.045,   6.438,   7.397,  -1.872,  -1.872,  -1.872,  -1.872,  31.784,  31.784,  31.784,  31.784,   0.000, 360.000,   0.000, 360.000,   0.03702,   0.03702,    3646.086,    3646.086,  81.833,  81.833
"GO_0017","G1/GANYMEDE/C0349761226R.LBL                 ","J/IMG/GO/SSI/C0349761226","GANYMEDE    ",  30.257,  30.471,  30.257,  30.471,  90.220,  90.468, 260.792, 261.040,  -0.662,  -0.414,   0.01054,   0.01055,   0.01058,   0.01060,    1038.335,    1039.304,  81.832,  82.337,  83.030,  83.227,   4.776,   5.598,  -1.872,  -1.872,  -1.872,  -1.872,  31.756,  31.756,  31.756,  31.756,   0.000, 360.000,   0.000, 360.000,   0.03723,   0.03723,    3666.932,    3666.932,  82.827,  82.827
"GO_0017","G1/GANYMEDE/C0349761239R.LBL                 ","J/IMG/GO/SSI/C0349761239","GANYMEDE    ",  30.269,  30.486,  30.269,  30.486,  90.006,  90.258, 261.007, 261.258,   0.280,   0.531,   0.01076,   0.01077,   0.01079,   0.01081,    1059.731,    1060.718,  84.776,  85.281,  83.215,  83.417,   4.380,   5.268,  -1.872,  -1.872,  -1.872,  -1.872,  31.717,  31.717,  31.717,  31.717,   0.000, 360.000,   0.000, 360.000,   0.03745,   0.03745,    3688.707,    3688.707,  83.803,  83.803
"GO_0017","G1/EUROPA/C0349875100R.LBL                   ","J/IMG/GO/SSI/C0349875100","EUROPA      ",  22.184,  88.403,  22.241,  88.406, 342.775, 339.587,  86.676,  83.488, 125.055, 121.867,   1.56957,   1.57999,   1.56957,   4.63756,  154589.860,  156132.070,  37.012,  37.519,  36.037, 118.910,   0.073,  89.546,  -1.395,  -1.395,  -1.397,  -1.397,  23.858,  23.858,  23.919,  23.919,   0.000, 360.000,   0.000, 360.000,   1.58540,   1.58540,  156151.165,  156151.165,  37.504,  37.504
"GO_0017","G1/EUROPA/C0349875113R.LBL                   ","J/IMG/GO/SSI/C0349875113","EUROPA      ", -11.825,  53.637, -11.868,  53.735, 130.836, 302.743, 123.530, 295.437, -86.881,  85.026,   1.56960,   1.57837,   1.56961,   3.56979,  154591.409,  156095.731,  37.036,  37.548,  35.608, 115.546,   0.083,  88.275,  -1.395,  -1.395,  -1.397,  -1.397,  23.860,  23.860,  23.920,  23.920,   0.000, 360.000,   0.000, 360.000,   1.58541,   1.58541,  156152.713,  156152.713,  37.515,  37.515
"GO_0017","G1/EUROPA/C0349875126R.LBL                   ","J/IMG/GO/SSI/C0349875126","EUROPA      ", -60.378,  36.558, -60.417,  36.633, 189.563, 302.743, 123.541, 236.720, -28.149,  85.030,   1.56962,   1.58470,   1.56964,  38.07302,  154592.977,  156080.251,  37.465,  37.976,   0.208,  59.040,   0.207,  87.614,  -1.395,  -1.395,  -1.397,  -1.397,  23.861,  23.861,  23.921,  23.921,   0.000, 360.000,   0.000, 360.000,   1.58543,   1.58543,  156154.273,  156154.273,  37.526,  37.526
"GO_0017","G1/EUROPA/C0349875139R.LBL                   ","J/IMG/GO/SSI/C0349875139","EUROPA      ",  -8.294,  63.595,  -8.303,  63.623, 211.773, 314.692, 111.602, 214.520,  -5.935,  96.983,   1.56962,   1.58509,   1.56963,  72.80611,  154594.542,  156116.486,  37.457,  37.969,   0.882,  71.066,   0.129,  88.753,  -1.395,  -1.395,  -1.397,  -1.397,  23.862,  23.862,  23.923,  23.923,   0.000, 360.000,   0.000, 360.000,   1.58545,   1.58545,  156155.844,  156155.844,  37.536,  37.536
"GO_0017","G1/EUROPA/C0349875152R.LBL                   ","J/IMG/GO/SSI/C0349875152","EUROPA      ",  11.559,  88.461,  11.587,  88.463, 351.786, 331.759,  94.545,  74.518, 134.081, 114.055,   1.56966,   1.57906,   1.56968,   3.92543,  154596.146,  156021.565,  37.169,  37.681,  24.312, 109.365,   0.289,  85.244,  -1.395,  -1.395,  -1.397,  -1.397,  23.863,  23.863,  23.924,  23.924,   0.000, 360.000,   0.000, 360.000,   1.58546,   1.58546,  156157.433,  156157.433,  37.547,  37.547
"GO_0017","G1/EUROPA/C0349875165R.LBL                   ","J/IMG/GO/SSI/C0349875165","EUROPA      ",  11.652,  88.548,  11.680,  88.550, 336.039, 318.992, 107.321,  90.275, 118.338, 101.292,   1.56967,   1.57915,   1.56968,   3.96916,  154597.724,  156056.528,  37.180,  37.693,  24.227, 110.351,   0.140,  86.471,  -1.395,  -1.395,  -1.397,  -1.397,  23.864,  23.864,  23.925,  23.925,   0.000, 360.000,   0.000, 360.000,   1.58548,   1.58548,  156159.026,  156159.026,  37.558,  37.558
"GO_0017","G1/EUROPA/C0349875178R.LBL                   ","J/IMG/GO/SSI/C0349875178","EUROPA      ",  11.698,  88.041,  11.726,  88.045, 339.281, 321.452, 104.872,  87.043, 121.584, 103.756,   1.56969,   1.57919,   1.56971,   3.98177,  154599.378,  156079.893,  37.190,  37.703,  24.349, 111.107,   0.252,  87.269,  -1.395,  -1.395,  -1.397,  -1.397,  23.865,  23.865,  23.926,  23.926,   0.000, 360.000,   0.000, 360.000,   1.58549,   1.58549,  156160.670,  156160.670,  37.569,  37.569
"GO_0017","G1/EUROPA/C0349875200R.LBL                   ","J/IMG/GO/SSI/C0349875200","EUROPA      ",  11.476,  88.291,  11.504,  88.294, 347.566, 326.458,  99.877,  78.769, 129.873, 108.765,   1.56971,   1.57906,   1.56972,   3.89329,  154600.987,  156000.282,  37.202,  37.714,  24.262, 108.527,   0.196,  84.281,  -1.395,  -1.395,  -1.397,  -1.397,  23.866,  23.866,  23.927,  23.927,   0.000, 360.000,   0.000, 360.000,   1.58551,   1.58551,  156162.284,  156162.284,  37.580,  37.580
"GO_0017","G1/EUROPA/C0349875213R.LBL                   ","J/IMG/GO/SSI/C0349875213","EUROPA      ",  11.630,  88.587,  11.658,  88.589, 335.753, 317.425, 108.920,  90.591, 118.065,  99.736,   1.56972,   1.57917,   1.56974,   3.95236,  154602.670,  156049.736,  37.212,  37.725,  24.337, 110.055,   0.262,  86.040,  -1.395,  -1.395,  -1.397,  -1.397,  23.867,  23.867,  23.928,  23.928,   0.000, 360.000,   0.000, 360.000,   1.58553,   1.58553,  156163.960,  156163.960,  37.591,  37.591
"GO_0017","G1/EUROPA/C0349875226R.LBL                   ","J/IMG/GO/SSI/C0349875226","EUROPA      ",  11.769,  88.186,  11.798,  88.189, 342.555, 325.300, 101.055,  83.800, 124.870, 107.615,   1.56974,   1.57913,   1.56975,   3.91203,  154604.301,  156147.271,  37.223,  37.735,  24.360, 113.085,   0.207,  89.560,  -1.395,  -1.395,  -1.397,  -1.397,  23.868,  23.868,  23.929,  23.929,   0.000, 360.000,   0.000, 360.000,   1.58554,   1.58554,  156165.598,  156165.598,  37.602,  37.602
"GO_0017","G1/EUROPA/C0349887313R.LBL                   ","J/IMG/GO/SSI/C0349887313","EUROPA      ", -17.262,  47.978, -17.317,  48.087, 143.962, 231.351, 203.602, 290.992, -70.015,  17.374,   1.62597,   1.63312,   1.62600,   3.00410,  160142.099,  161331.802,  46.750,  47.261,  37.400, 110.530,   0.287,  76.583,  -1.394,  -1.394,  -1.396,  -1.396,  23.927,  23.927,  23.992,  23.992,   0.000, 360.000,   0.000, 360.000,   1.64177,   1.64177,  161703.495,  161703.495,  47.154,  47.154
"GO_0017","G1/IO/C0350013800R.LBL                       ","J/IMG/GO/SSI/C0350013800","IO          ", -77.100,  75.680, -77.153,  75.743, 121.819, 302.847, 211.714,  32.742, -89.807,  91.221,   8.81918,   8.83401,  10.63781, 283.00595,  868309.736,  870113.374, 122.859, 123.097,  37.975, 179.174,   1.007,  89.510,  -1.792,  -1.792,  -1.816,  -1.816,   3.514,   3.514,   3.556,   3.556,   0.000, 360.000,   0.000, 360.000,   8.83446,   8.83446,  870135.951,  870135.951, 122.978, 122.978
"GO_0017","G1/IO/C0350013845R.LBL                       ","J/IMG/GO/SSI/C0350013845","IO          ", -75.028,  76.596, -75.095,  76.660, 125.723, 305.163, 209.469,  28.909, -85.980,  93.460,   8.82367,   8.83863,  10.64436, 373.04477,  868750.008,  870536.662, 122.855, 123.092,  35.807, 178.408,   0.099,  88.672,  -1.792,  -1.792,  -1.816,  -1.816,   3.512,   3.512,   3.554,   3.554,   0.000, 360.000,   0.000, 360.000,   8.83893,   8.83893,  870576.486,  870576.486, 122.972, 122.972
"GO_0017","G1/IO/C0350013888R.LBL                       ","J/IMG/GO/SSI/C0350013888","IO          ", -75.117,  76.766, -75.177,  76.822, 129.370, 308.699, 206.006,  25.335, -82.411,  96.917,   8.82823,   8.84316,  10.61443, 378.72874,  869205.409,  870990.647, 122.894, 123.084,  39.702, 157.394,   0.968,  88.661,  -1.792,  -1.792,  -1.816,  -1.816,   3.509,   3.509,   3.551,   3.551,   0.000, 360.000,   0.000, 360.000,   8.84356,   8.84356,  871031.615,  871031.615, 122.966, 122.966
"GO_0017","G1/IO/C0350024200R.LBL                       ","J/IMG/GO/SSI/C0350024200","IO          ", -83.117,  83.930, -83.159,  83.956, 140.910, 317.095, 212.311,  28.497, -86.169,  90.016,   9.86140,   9.87661,  11.87971, 828.36262,  970959.177,  972769.116, 122.264, 122.478,  35.232, 177.849,   0.061,  89.313,  -1.792,  -1.792,  -1.818,  -1.818,   3.006,   3.006,   3.034,   3.034,   0.000, 360.000,   0.000, 360.000,   9.87663,   9.87663,  972783.052,  972783.052, 122.371, 122.371
"GO_0017","G1/IO/C0350024245R.LBL                       ","J/IMG/GO/SSI/C0350024245","IO          ", -80.471,  74.946, -80.510,  75.005, 138.545, 313.182, 216.295,  30.932, -88.604,  86.032,   9.86686,   9.88120,  11.90988, 177.87009,  971491.563,  973241.285, 122.264, 122.478,  37.303, 178.092,   0.677,  88.014,  -1.792,  -1.792,  -1.818,  -1.818,   3.004,   3.004,   3.031,   3.031,   0.000, 360.000,   0.000, 360.000,   9.88204,   9.88204,  973315.300,  973315.300, 122.371, 122.371
"GO_0017","G1/IO/C0350024288R.LBL                       ","J/IMG/GO/SSI/C0350024288","IO          ", -79.835,  74.640, -79.881,  74.700, 134.779, 314.520, 215.030,  34.771, -92.443,  87.298,   9.87235,   9.88707,  11.86263, 250.77660,  972041.257,  973825.298, 122.273, 122.478,  35.646, 178.757,   0.776,  88.952,  -1.792,  -1.792,  -1.818,  -1.818,   3.001,   3.001,   3.029,   3.029,   0.000, 360.000,   0.000, 360.000,   9.88762,   9.88762,  973864.940,  973864.940, 122.371, 122.371
"GO_0017","G1/IO/C0350029700R.LBL                       ","J/IMG/GO/SSI/C0350029700","IO          ", -80.493,  82.098, -80.538,  82.156, 145.647, 321.959, 215.303,  31.615, -89.128,  87.184,  10.48489,  10.49944,  12.47243, 191.58177, 1032387.118, 1034154.101, 122.430, 122.630,  36.013, 178.310,   1.053,  88.607,  -1.792,  -1.792,  -1.819,  -1.819,   2.757,   2.757,   2.778,   2.778,   0.000, 360.000,   0.000, 360.000,  10.50029,  10.50029, 1034209.375, 1034209.375, 122.529, 122.529
"GO_0017","G1/IO/C0350029742R.LBL                       ","J/IMG/GO/SSI/C0350029742","IO          ", -75.761,  74.215, -75.818,  74.283, 149.393, 324.192, 213.136,  27.935, -85.446,  89.354,  10.49069,  10.50504,  12.75201, 225.90392, 1032922.771, 1034664.544, 122.432, 122.631,  39.729, 178.867,   1.315,  87.333,  -1.792,  -1.792,  -1.819,  -1.819,   2.755,   2.755,   2.776,   2.776,   0.000, 360.000,   0.000, 360.000,  10.50573,  10.50573, 1034744.845, 1034744.845, 122.532, 122.532
"GO_0017","G2/IO/C0359402500R.LBL                       ","J/IMG/GO/SSI/C0359402500","IO          ", -75.814,  69.389, -75.998,  69.466,  55.735, 302.847, 300.910, 188.022, -88.386, 158.726,  30.78951,  30.80661,  30.82354, 386.22755, 3032652.009, 3034336.198,  80.245,  80.311,   2.801, 150.632,   2.692,  85.426,  -1.546,  -1.546,  -1.555,  -1.555,  -4.338,  -4.338,  -4.387,  -4.387,   0.000, 360.000,   0.000, 360.000,  30.80894,  30.80894, 3034476.058, 3034476.058,  80.277,  80.277
"GO_0017","G2/IO/C0359408900R.LBL                       ","J/IMG/GO/SSI/C0359408900","IO          ", -71.782,  67.402, -72.017,  67.496,  69.056, 302.847, 310.049, 183.840, -84.984, 148.808,  30.21995,  30.23693,  30.28271, 350.43617, 2976551.048, 2978338.972,  81.019,  81.088,   2.869, 165.906,   3.685,  89.128,  -1.546,  -1.546,  -1.553,  -1.553,  -4.380,  -4.380,  -4.437,  -4.437,   0.000, 360.000,   0.000, 360.000,  30.23934,  30.23934, 2978374.839, 2978374.839,  81.054,  81.054
"GO_0017","G2/IO/C0359415300R.LBL                       ","J/IMG/GO/SSI/C0359415300","IO          ", -69.346,  65.494, -69.616,  65.616,  82.249, 302.847, 319.188, 179.787, -81.828, 138.770,  29.75197,  29.76933,  29.76981, 433.08370, 2930456.434, 2932158.468,  81.914,  81.980,  20.676, 157.296,   1.977,  86.060,  -1.546,  -1.546,  -1.552,  -1.552,  -4.409,  -4.409,  -4.472,  -4.472,   0.000, 360.000,   0.000, 360.000,  29.77138,  29.77138, 2932284.035, 2932284.035,  81.948,  81.948
"GO_0017","G2/IO/C0359624500R.LBL                       ","J/IMG/GO/SSI/C0359624500","IO          ", -77.326,  76.774, -77.377,  76.943, 302.847, 167.436,  33.411, 258.000,-141.161,  83.427,  25.87415,  25.89225,  25.91421,1886.42144, 2548490.648, 2550280.221,  63.080,  63.159,   3.912, 146.316,   3.187,  89.212,  -1.539,  -1.539,  -1.560,  -1.560,  -3.398,  -3.398,  -3.412,  -3.412,   0.000, 360.000,   0.000, 360.000,  25.89319,  25.89319, 2550307.512, 2550307.512,  63.121,  63.121
"GO_0017","G2/IO/C0359632000R.LBL                       ","J/IMG/GO/SSI/C0359632000","IO          ", -82.870,  75.865, -82.900,  75.957, 302.847, 180.917,  30.637, 268.707,-151.174,  86.896,  24.80666,  24.82407,  24.81634, 441.36828, 2443350.858, 2445068.699,  62.385,  62.469,   6.430, 148.973,   1.597,  86.775,  -1.539,  -1.539,  -1.558,  -1.558,  -3.475,  -3.475,  -3.489,  -3.489,   0.000, 360.000,   0.000, 360.000,  24.82573,  24.82573, 2445169.758, 2445169.758,  62.428,  62.428
"GO_0017","G2/IO/C0359639300R.LBL                       ","J/IMG/GO/SSI/C0359639300","IO          ", -70.945,  73.113, -71.078,  73.221, 302.847, 191.087,  30.888, 279.129,-161.202,  87.038,  23.77614,  23.79240,  23.80672, 198.34253, 2341846.990, 2343519.988,  61.991,  62.079,   2.540, 146.950,   2.903,  85.525,  -1.539,  -1.539,  -1.555,  -1.555,  -3.554,  -3.554,  -3.571,  -3.571,   0.000, 360.000,   0.000, 360.000,  23.79515,  23.79515, 2343664.787, 2343664.787,  62.035,  62.035
"GO_0017","G2/IO/C0359646300R.LBL                       ","J/IMG/GO/SSI/C0359646300","IO          ", -84.985,  65.779, -85.011,  65.902, 302.847, 209.882,  22.087, 289.123,-171.107,  95.929,  22.81666,  22.83425,  22.83992, 476.32246, 2247342.416, 2249075.645,  61.901,  61.990,   4.634, 141.203,   2.584,  87.252,  -1.539,  -1.539,  -1.552,  -1.552,  -3.632,  -3.632,  -3.653,  -3.653,   0.000, 360.000,   0.000, 360.000,  22.83567,  22.83567, 2249161.753, 2249161.753,  61.946,  61.946
"GO_0017","G2/IO/C0359653300R.LBL                       ","J/IMG/GO/SSI/C0359653300","IO          ", -73.277,  78.647, -73.480,  78.711,  38.693, 302.847, 299.117, 203.272, -85.466, 178.689,  21.90617,  21.92277,  21.91450, 208.10662, 2157658.860, 2159394.886,  62.109,  62.202,   3.460, 140.821,   1.584,  87.486,  -1.539,  -1.539,  -1.549,  -1.549,  -3.707,  -3.707,  -3.735,  -3.735,   0.000, 360.000,   0.000, 360.000,  21.92514,  21.92514, 2159480.858, 2159480.858,  62.156,  62.156
"GO_0017","G2/IO/C0359659900R.LBL                       ","J/IMG/GO/SSI/C0359659900","IO          ", -78.462,  79.614, -78.582,  79.658,  52.815, 302.847, 308.542, 198.574, -81.247, 168.785,  21.11105,  21.12882,  21.13104, 511.42065, 2079342.932, 2081123.719,  62.584,  62.681,   5.133, 150.173,   2.495,  89.014,  -1.539,  -1.539,  -1.547,  -1.547,  -3.772,  -3.772,  -3.808,  -3.808,   0.000, 360.000,   0.000, 360.000,  21.13001,  21.13001, 2081165.569, 2081165.569,  62.634,  62.634
"GO_0017","G2/IO/C0359697642R.LBL                       ","J/IMG/GO/SSI/C0359697642","IO          ", -81.098,  73.337, -81.223,  73.554, 106.562, 302.847,   2.460, 198.745, -88.116, 108.169,  18.45242,  18.46971,  18.46497, 284.53890, 1817480.786, 1819295.600,  69.263,  69.371,   2.567, 144.515,   2.114,  89.542,  -1.538,  -1.538,  -1.550,  -1.550,  -3.817,  -3.817,  -3.872,  -3.872,   0.000, 360.000,   0.000, 360.000,  18.47138,  18.47138, 1819308.310, 1819308.310,  69.317,  69.317
"GO_0017","G2/IO/C0359703842R.LBL                       ","J/IMG/GO/SSI/C0359703842","IO          ", -76.474,  77.197, -76.633,  77.375, 120.456, 302.847,  11.318, 193.708, -84.351,  98.040,  18.38015,  18.39715,  18.38335, 239.61850, 1810360.639, 1812038.507,  70.531,  70.643,   6.079, 146.934,   1.071,  85.599,  -1.538,  -1.538,  -1.553,  -1.553,  -3.748,  -3.748,  -3.797,  -3.797,   0.000, 360.000,   0.000, 360.000,  18.39909,  18.39909, 1812187.951, 1812187.951,  70.586,  70.586
"GO_0017","G2/IO/C0359710142R.LBL                       ","J/IMG/GO/SSI/C0359710142","IO          ", -71.024,  68.303, -71.191,  68.587, 121.322, 302.847,  20.319, 201.844, -93.648,  87.877,  18.40574,  18.42364,  18.42026, 662.81694, 1812879.995, 1814649.944,  71.689,  71.801,   0.586, 156.772,   2.275,  88.408,  -1.538,  -1.538,  -1.555,  -1.555,  -3.656,  -3.656,  -3.698,  -3.698,   0.000, 360.000,   0.000, 360.000,  18.42464,  18.42464, 1814704.666, 1814704.666,  71.746,  71.746
"GO_0017","G2/IO/C0359716542R.LBL                       ","J/IMG/GO/SSI/C0359716542","IO          ", -86.282,  71.389, -86.337,  71.648, 137.082, 312.350,  19.961, 195.229, -88.017,  87.251,  18.52258,  18.53985,  18.52672, 289.78524, 1824387.507, 1826095.166,  72.674,  72.785,   4.747, 152.252,   1.214,  86.332,  -1.538,  -1.538,  -1.558,  -1.558,  -3.545,  -3.545,  -3.579,  -3.579,   0.000, 360.000,   0.000, 360.000,  18.54147,  18.54147, 1826211.462, 1826211.462,  72.729,  72.729
"GO_0017","G2/IO/C0359722942R.LBL                       ","J/IMG/GO/SSI/C0359722942","IO          ", -78.662,  67.962, -78.715,  68.242, 143.099, 322.672,  18.783, 198.356, -91.881,  87.691,  18.71671,  18.73449,  18.72615, 587.21257, 1843508.088, 1845266.686,  73.409,  73.521,   1.161, 160.733,   1.818,  88.172,  -1.538,  -1.538,  -1.560,  -1.560,  -3.421,  -3.421,  -3.447,  -3.447,   0.000, 360.000,   0.000, 360.000,  18.73557,  18.73557, 1845329.836, 1845329.836,  73.466,  73.466
"GO_0017","G2/IO/C0359729642R.LBL                       ","J/IMG/GO/SSI/C0359729642","IO          ", -82.526,  67.876, -82.583,  68.162, 157.876, 334.195,  16.834, 193.153, -87.149,  89.170,  18.98514,  19.00292,  18.98859, 600.63992, 1869946.353, 1871720.707,  73.881,  73.992,   6.296, 162.117,   1.092,  88.319,  -1.538,  -1.538,  -1.561,  -1.561,  -3.282,  -3.282,  -3.302,  -3.302,   0.000, 360.000,   0.000, 360.000,  19.00399,  19.00399, 1871767.174, 1871767.174,  73.937,  73.937
"GO_0017","G2/IO/C0359736542R.LBL                       ","J/IMG/GO/SSI/C0359736542","IO          ", -86.402,  72.649, -86.417,  72.883, 153.011, 341.104,  19.785, 207.878,-102.014,  86.080,  19.31112,  19.32916,  19.32806, 972.08434, 1902053.362, 1903834.356,  74.025,  74.132,   1.175, 153.884,   2.399,  88.861,  -1.538,  -1.538,  -1.561,  -1.561,  -3.134,  -3.134,  -3.149,  -3.149,   0.000, 360.000,   0.000, 360.000,  19.32995,  19.32995, 1903871.794, 1903871.794,  74.078,  74.078
"GO_0017","G2/IO/C0359743742R.LBL                       ","J/IMG/GO/SSI/C0359743742","IO          ", -69.351,  77.432, -69.441,  77.508, 182.255, 354.955,  16.223, 188.923, -82.825,  89.875,  19.68234,  19.69907,  19.69943, 214.69274, 1938615.400, 1940345.133,  73.797,  73.900,   1.391, 149.086,   2.387,  87.222,  -1.538,  -1.538,  -1.560,  -1.560,  -2.979,  -2.979,  -2.991,  -2.991,   0.000, 360.000,   0.000, 360.000,  19.70116,  19.70116, 1940433.259, 1940433.259,  73.848,  73.848
"GO_0017","G2/IO/C0359750642R.LBL                       ","J/IMG/GO/SSI/C0359750642","IO          ", -71.246,  65.594, -71.341,  65.779, 194.365,   1.589,  19.449, 186.672, -79.997,  87.227,  20.04725,  20.06392,  20.07160, 208.44102, 1974556.473, 1976294.832,  73.219,  73.322,   5.469, 160.232,   2.823,  87.578,  -1.537,  -1.537,  -1.559,  -1.559,  -2.833,  -2.833,  -2.845,  -2.845,   0.000, 360.000,   0.000, 360.000,  20.06606,  20.06606, 1976373.683, 1976373.683,  73.272,  73.272
"GO_0017","G2/IO/C0359759242R.LBL                       ","J/IMG/GO/SSI/C0359759242","IO          ", -74.557,  70.144, -74.658,  70.355, 197.797,  12.214,  21.112, 195.529, -87.673,  86.744,  20.48690,  20.50439,  20.50176, 398.83779, 2017857.293, 2019587.170,  72.044,  72.147,   4.500, 156.488,   2.184,  87.052,  -1.537,  -1.537,  -1.555,  -1.555,  -2.660,  -2.660,  -2.673,  -2.673,   0.000, 360.000,   0.000, 360.000,  20.50571,  20.50571, 2019676.057, 2019676.057,  72.096,  72.096
"GO_0017","G2/IO/C0359766942R.LBL                       ","J/IMG/GO/SSI/C0359766942","IO          ", -74.820,  75.254, -74.962,  75.350, 206.118,  24.487,  19.841, 198.211, -88.899,  89.471,  20.84293,  20.86046,  20.86800, 427.63990, 2052924.652, 2054663.173,  70.595,  70.693,   3.764, 150.641,   2.811,  87.553,  -1.537,  -1.537,  -1.552,  -1.552,  -2.515,  -2.515,  -2.531,  -2.531,   0.000, 360.000,   0.000, 360.000,  20.86175,  20.86175, 2054743.631, 2054743.631,  70.644,  70.644
"GO_0017","G2/IO/C0359775242R.LBL                       ","J/IMG/GO/SSI/C0359775242","IO          ", -81.329,  75.641, -81.388,  75.740, 218.252,  31.788,  24.399, 197.935, -86.674,  86.861,  21.16486,  21.18293,  21.18188, 859.42063, 2084631.720, 2086412.294,  68.651,  68.748,   4.166, 147.400,   2.299,  88.586,  -1.537,  -1.537,  -1.548,  -1.548,  -2.370,  -2.370,  -2.388,  -2.388,   0.000, 360.000,   0.000, 360.000,  21.18369,  21.18369, 2086452.925, 2086452.925,  68.699,  68.699
"GO_0017","G2/IO/C0359783842R.LBL                       ","J/IMG/GO/SSI/C0359783842","IO          ", -80.056,  83.125, -80.177,  83.154, 225.890,  32.158,  36.315, 202.583, -88.935,  77.333,  21.41130,  21.42920,  21.43184, 640.59389, 2108904.654, 2110675.189,  66.268,  66.362,   5.083, 140.416,   2.508,  88.080,  -1.536,  -1.536,  -1.545,  -1.545,  -2.232,  -2.232,  -2.254,  -2.254,   0.000, 360.000,   0.000, 360.000,  21.43015,  21.43015, 2110727.280, 2110727.280,  66.314,  66.314
"GO_0017","G2/IO/C0359792842R.LBL                       ","J/IMG/GO/SSI/C0359792842","IO          ", -76.266,  67.959, -76.441,  68.046, 241.126,  47.983,  33.347, 200.204, -83.706,  83.151,  21.55711,  21.57485,  21.56447, 473.14928, 2123265.919, 2125012.499,  63.423,  63.516,   4.187, 142.320,   1.494,  87.384,  -1.536,  -1.536,  -1.542,  -1.542,  -2.101,  -2.101,  -2.125,  -2.125,   0.000, 360.000,   0.000, 360.000,  21.57598,  21.57598, 2125091.387, 2125091.387,  63.469,  63.469
"GO_0017","G2/IO/C0359801942R.LBL                       ","J/IMG/GO/SSI/C0359801942","IO          ", -74.701,  69.599, -74.912,  69.695, 250.385,  55.603,  38.725, 203.943, -84.250,  80.967,  21.57503,  21.59265,  21.57634, 416.05221, 2125028.712, 2126765.182,  60.231,  60.324,   2.637, 136.491,   0.632,  87.022,  -1.535,  -1.535,  -1.542,  -1.542,  -1.980,  -1.980,  -2.006,  -2.006,   0.000, 360.000,   0.000, 360.000,  21.59390,  21.59390, 2126856.181, 2126856.181,  60.278,  60.278
"GO_0017","G2/IO/C0359811442R.LBL                       ","J/IMG/GO/SSI/C0359811442","IO          ", -82.553,  79.831, -82.652,  79.956, 260.483,  64.513,  43.383, 207.413, -84.099,  79.931,  21.44600,  21.46349,  21.47215, 394.23350, 2112318.544, 2114045.874,  56.612,  56.706,   1.081, 135.611,   2.831,  86.878,  -1.535,  -1.535,  -1.543,  -1.543,  -1.866,  -1.866,  -1.892,  -1.892,   0.000, 360.000,   0.000, 360.000,  21.46485,  21.46485, 2114145.068, 2114145.068,  56.660,  56.660
"GO_0017","G2/IO/C0359841142R.LBL                       ","J/IMG/GO/SSI/C0359841142","IO          ", -69.800,  69.294, -69.959,  69.440, 290.479,  96.961,  53.342, 219.824, -83.796,  82.687,  20.05603,  20.07348,  20.07842, 352.15118, 1975409.643, 1977127.674,  43.904,  44.007,   2.390, 125.077,   2.705,  86.730,  -1.533,  -1.533,  -1.552,  -1.552,  -1.561,  -1.561,  -1.584,  -1.584,   0.000, 360.000,   0.000, 360.000,  20.07482,  20.07482, 1977236.498, 1977236.498,  43.955,  43.955
"GO_0017","G2/IO/C0359851342R.LBL                       ","J/IMG/GO/SSI/C0359851342","IO          ", -70.365,  70.212, -70.470,  70.438, 298.106, 108.985,  55.880, 226.758, -86.028,  84.851,  19.25632,  19.27358,  19.26179, 309.93249, 1896641.613, 1898349.081,  39.203,  39.310,   2.891, 116.898,   1.369,  86.431,  -1.533,  -1.533,  -1.555,  -1.555,  -1.467,  -1.467,  -1.486,  -1.486,   0.000, 360.000,   0.000, 360.000,  19.27509,  19.27509, 1898468.919, 1898468.919,  39.255,  39.255
"GO_0017","G2/IO/C0359872242R.LBL                       ","J/IMG/GO/SSI/C0359872242","IO          ", -83.633,  78.318, -83.679,  78.487, 302.847, 131.089,  63.611, 251.853,-101.220,  87.022,  17.19789,  17.21512,  17.20167, 286.04303, 1693894.059, 1695665.097,  29.298,  29.419,   2.151, 116.117,   1.202,  88.285,  -1.532,  -1.532,  -1.555,  -1.555,  -1.270,  -1.270,  -1.283,  -1.283,   0.000, 360.000,   0.000, 360.000,  17.21657,  17.21657, 1695718.341, 1695718.341,  29.359,  29.359
"GO_0017","G2/IO/C0359882742R.LBL                       ","J/IMG/GO/SSI/C0359882742","IO          ", -73.966,  75.918, -74.033,  76.119, 302.847, 140.839,  68.851, 266.842,-111.194,  86.797,  15.99696,  16.01452,  16.00311, 375.77956, 1575605.854, 1577362.050,  24.283,  24.414,   0.957, 109.201,   1.589,  87.876,  -1.532,  -1.532,  -1.551,  -1.551,  -1.161,  -1.161,  -1.170,  -1.170,   0.000, 360.000,   0.000, 360.000,  16.01558,  16.01558, 1577428.131, 1577428.131,  24.348,  24.348
"GO_0017","G2/IO/C0359892942R.LBL                       ","J/IMG/GO/SSI/C0359892942","IO          ", -80.572,  78.927, -80.613,  79.047, 302.847, 144.630,  79.621, 281.404,-120.930,  80.853,  14.75719,  14.77446,  14.75773, 258.08637, 1453495.058, 1455205.188,  19.456,  19.597,   1.617, 100.081,   0.490,  86.715,  -1.532,  -1.532,  -1.547,  -1.547,  -1.041,  -1.041,  -1.047,  -1.047,   0.000, 360.000,   0.000, 360.000,  14.77578,  14.77578, 1455316.471, 1455316.471,  19.527,  19.527
"GO_0017","G2/IO/C0359903542R.LBL                       ","J/IMG/GO/SSI/C0359903542","IO          ", -84.477,  79.994, -84.506,  80.053, 302.847, 161.648,  77.738, 296.539,-131.164,  87.636,  13.42123,  13.43796,  13.42781, 146.25663, 1321908.709, 1323654.992,  14.557,  14.714,   1.395, 102.120,   1.794,  87.563,  -1.532,  -1.532,  -1.543,  -1.543,  -0.893,  -0.893,  -0.897,  -0.897,   0.000, 360.000,   0.000, 360.000,  13.43977,  13.43977, 1323728.105, 1323728.105,  14.636,  14.636
"GO_0017","G2/GANYMEDE/C0359942400R.LBL                 ","J/IMG/GO/SSI/C0359942400","GANYMEDE    ",  28.458,  33.061,  28.458,  33.061, 183.820, 188.050, 154.355, 158.585,  -8.368,  -4.137,   0.18783,   0.18919,   0.21900,   0.23629,   18500.561,   18634.725,  30.270,  30.807,  36.771,  41.921,  30.944,  36.804,  -1.619,  -1.619,  -1.619,  -1.619,   1.564,   1.564,   1.564,   1.564,   0.000, 360.000,   0.000, 360.000,   0.21120,   0.21120,   20801.352,   20801.352,  29.948,  29.948
"GO_0017","G2/GANYMEDE/C0359942413R.LBL                 ","J/IMG/GO/SSI/C0359942413","GANYMEDE    ",  28.109,  32.655,  28.109,  32.655, 187.211, 191.526, 150.884, 155.199,  -4.976,  -0.661,   0.18701,   0.18824,   0.21637,   0.23159,   18419.823,   18540.870,  29.851,  30.389,  38.402,  43.622,  30.197,  35.629,  -1.619,  -1.619,  -1.619,  -1.619,   1.590,   1.590,   1.590,   1.590,   0.000, 360.000,   0.000, 360.000,   0.21053,   0.21053,   20736.295,   20736.295,  29.946,  29.946
"GO_0017","G2/GANYMEDE/C0359942426R.LBL                 ","J/IMG/GO/SSI/C0359942426","GANYMEDE    ",  31.890,  36.786,  31.890,  36.786, 183.799, 188.226, 154.189, 158.616,  -8.389,  -3.962,   0.18735,   0.18891,   0.22786,   0.24946,   18453.454,   18607.098,  30.232,  30.772,  39.604,  44.809,  34.693,  40.775,  -1.619,  -1.619,  -1.619,  -1.619,   1.616,   1.616,   1.616,   1.616,   0.000, 360.000,   0.000, 360.000,   0.20987,   0.20987,   20671.233,   20671.233,  29.944,  29.944
"GO_0017","G2/GANYMEDE/C0359942439R.LBL                 ","J/IMG/GO/SSI/C0359942439","GANYMEDE    ",  31.545,  36.375,  31.545,  36.375, 187.314, 191.853, 150.567, 155.106,  -4.875,  -0.335,   0.18653,   0.18795,   0.22502,   0.24418,   18372.351,   18512.292,  29.812,  30.352,  41.116,  46.415,  34.008,  39.672,  -1.619,  -1.619,  -1.619,  -1.619,   1.643,   1.643,   1.643,   1.643,   0.000, 360.000,   0.000, 360.000,   0.20921,   0.20921,   20606.174,   20606.174,  29.942,  29.942
"GO_0017","G2/GANYMEDE/C0359944145R.LBL                 ","J/IMG/GO/SSI/C0359944145","GANYMEDE    ",  -0.267,   2.471,  -0.267,   2.471, 150.761, 154.528, 188.494, 192.262, -41.122, -37.355,   0.22156,   0.22402,   0.32046,   0.35115,   10911.098,   11032.307,  38.428,  38.938,   8.764,  12.695,  46.262,  50.360,  -1.619,  -1.619,  -1.619,  -1.619,   6.725,   6.725,   6.725,   6.725,   0.000, 360.000,   0.000, 360.000,   0.26137,   0.26137,   12871.416,   12871.416,  29.989,  29.989
"GO_0017","G2/GANYMEDE/C0359944168R.LBL                 ","J/IMG/GO/SSI/C0359944168","GANYMEDE    ",  -0.251,   2.468,  -0.251,   2.468, 150.769, 154.513, 188.519, 192.262, -41.101, -37.358,   0.21928,   0.22173,   0.31779,   0.34817,   10799.049,   10919.599,  38.529,  39.039,   8.793,  12.693,  46.369,  50.444,  -1.619,  -1.619,  -1.619,  -1.619,   6.846,   6.846,   6.846,   6.846,   0.000, 360.000,   0.000, 360.000,   0.25905,   0.25905,   12757.587,   12757.587,  30.000,  30.000
"GO_0017","G2/GANYMEDE/C0359944200R.LBL                 ","J/IMG/GO/SSI/C0359944200","GANYMEDE    ",  -0.241,   2.459,  -0.241,   2.459, 150.775, 154.493, 188.547, 192.266, -41.082, -37.363,   0.21697,   0.21940,   0.31512,   0.34520,   10685.264,   10805.156,  38.635,  39.146,   8.825,  12.693,  46.486,  50.537,  -1.619,  -1.619,  -1.619,  -1.619,   6.972,   6.972,   6.972,   6.972,   0.000, 360.000,   0.000, 360.000,   0.25670,   0.25670,   12641.817,   12641.817,  30.012,  30.012
"GO_0017","G2/GANYMEDE/C0359944222R.LBL                 ","J/IMG/GO/SSI/C0359944222","GANYMEDE    ",  -0.241,   2.443,  -0.241,   2.443, 150.793, 154.487, 188.562, 192.257, -41.051, -37.357,   0.21480,   0.21722,   0.31253,   0.34230,   10578.211,   10697.404,  38.736,  39.247,   8.841,  12.678,  46.585,  50.612,  -1.619,  -1.619,  -1.619,  -1.619,   7.093,   7.093,   7.093,   7.093,   0.000, 360.000,   0.000, 360.000,   0.25450,   0.25450,   12533.196,   12533.196,  30.024,  30.024
"GO_0017","G2/GANYMEDE/C0359944426R.LBL                 ","J/IMG/GO/SSI/C0359944426","GANYMEDE    ",  44.833,  47.738,  44.833,  47.738, 201.951, 205.555, 137.567, 141.170,  10.236,  13.839,   0.09827,   0.09940,   0.14540,   0.15877,    9678.825,    9790.158,  26.095,  26.632,  57.964,  61.500,  47.482,  51.240,  -1.619,  -1.619,  -1.619,  -1.619,   8.196,   8.196,   8.196,   8.196,   0.000, 360.000,   0.000, 360.000,   0.11798,   0.11798,   11620.053,   11620.053,  30.153,  30.153
"GO_0017","G2/GANYMEDE/C0359944439R.LBL                 ","J/IMG/GO/SSI/C0359944439","GANYMEDE    ",  47.133,  50.269,  47.133,  50.269, 201.993, 205.892, 137.235, 141.133,  10.288,  14.186,   0.09840,   0.09961,   0.15353,   0.16937,    9691.940,    9811.060,  26.146,  26.686,  59.592,  63.253,  50.141,  53.976,  -1.619,  -1.619,  -1.619,  -1.619,   8.280,   8.280,   8.280,   8.280,   0.000, 360.000,   0.000, 360.000,   0.11733,   0.11733,   11556.177,   11556.177,  30.164,  30.164
"GO_0017","G2/GANYMEDE/C0359944452R.LBL                 ","J/IMG/GO/SSI/C0359944452","GANYMEDE    ",  49.557,  52.974,  49.557,  52.974, 202.115, 206.384, 136.747, 141.016,  10.420,  14.689,   0.09862,   0.09992,   0.16369,   0.18299,    9713.544,    9842.118,  26.199,  26.743,  61.379,  65.194,  52.953,  56.903,  -1.619,  -1.619,  -1.619,  -1.619,   8.365,   8.365,   8.365,   8.365,   0.000, 360.000,   0.000, 360.000,   0.11668,   0.11668,   11492.315,   11492.315,  30.176,  30.176
"GO_0017","G2/GANYMEDE/C0359944639R.LBL                 ","J/IMG/GO/SSI/C0359944639","GANYMEDE    ",  37.926,  40.060,  37.926,  40.060, 198.953, 201.253, 141.944, 144.244,   7.411,   9.711,   0.08593,   0.08669,   0.10882,   0.11489,    8463.504,    8538.163,  26.150,  26.663,  51.501,  54.251,  37.847,  41.019,  -1.619,  -1.619,  -1.619,  -1.619,   9.560,   9.560,   9.560,   9.560,   0.000, 360.000,   0.000, 360.000,   0.10827,   0.10827,   10664.173,   10664.173,  30.363,  30.363
"GO_0017","G2/GANYMEDE/C0359944652R.LBL                 ","J/IMG/GO/SSI/C0359944652","GANYMEDE    ",  38.036,  40.165,  38.036,  40.165, 200.718, 203.089, 140.113, 142.484,   9.188,  11.560,   0.08541,   0.08620,   0.10903,   0.11543,    8412.483,    8490.312,  25.696,  26.208,  52.621,  55.395,  38.429,  41.690,  -1.619,  -1.619,  -1.619,  -1.619,   9.660,   9.660,   9.660,   9.660,   0.000, 360.000,   0.000, 360.000,   0.10763,   0.10763,   10600.647,   10600.647,  30.381,  30.381
"GO_0017","G2/GANYMEDE/C0359944739R.LBL                 ","J/IMG/GO/SSI/C0359944739","GANYMEDE    ",  17.522,  19.589,  17.522,  19.589, 146.438, 150.305, 192.927, 196.794, -45.007, -41.140,   0.08525,   0.08667,   0.13943,   0.15792,    8396.902,    8536.498,  40.423,  40.926,  23.459,  26.426,  52.307,  56.715,  -1.618,  -1.618,  -1.618,  -1.618,  10.284,  10.284,  10.284,  10.284,   0.000, 360.000,   0.000, 360.000,   0.10376,   0.10376,   10220.051,   10220.051,  30.497,  30.497
"GO_0017","G2/GANYMEDE/C0359945481R.LBL                 ","J/IMG/GO/SSI/C0359945481","GANYMEDE    ",  23.725,  24.897,  23.725,  24.897, 181.729, 183.033, 160.462, 161.766,  -8.409,  -7.105,   0.08931,   0.08956,   0.09201,   0.09297,    4398.173,    4410.449,  34.584,  35.141,  31.255,  32.263,  13.929,  15.585,  -1.618,  -1.618,  -1.618,  -1.618,  18.533,  18.533,  18.533,  18.533,   0.000, 360.000,   0.000, 360.000,   0.14175,   0.14175,    6980.833,    6980.833,  33.055,  33.055
"GO_0017","G2/GANYMEDE/C0359945484R.LBL                 ","J/IMG/GO/SSI/C0359945484","GANYMEDE    ",  23.347,  24.516,  23.347,  24.516, 181.205, 182.506, 160.991, 162.292,  -8.924,  -7.623,   0.08905,   0.08931,   0.09183,   0.09284,    4385.593,    4398.469,  34.977,  35.534,  30.662,  31.667,  14.128,  15.840,  -1.618,  -1.618,  -1.618,  -1.618,  18.587,  18.587,  18.587,  18.587,   0.000, 360.000,   0.000, 360.000,   0.14147,   0.14147,    6966.908,    6966.908,  33.077,  33.077
"GO_0017","G2/GANYMEDE/C0359945488R.LBL                 ","J/IMG/GO/SSI/C0359945488","GANYMEDE    ",  22.843,  24.005,  22.843,  24.005, 180.512, 181.810, 161.688, 162.986,  -9.604,  -8.306,   0.08873,   0.08900,   0.09165,   0.09272,    4369.603,    4383.283,  35.504,  36.060,  29.874,  30.876,  14.498,  16.272,  -1.618,  -1.618,  -1.618,  -1.618,  18.658,  18.658,  18.658,  18.658,   0.000, 360.000,   0.000, 360.000,   0.14109,   0.14109,    6948.348,    6948.348,  33.107,  33.107
"GO_0017","G2/GANYMEDE/C0359945500R.LBL                 ","J/IMG/GO/SSI/C0359945500","GANYMEDE    ",  22.463,  23.622,  22.463,  23.622, 179.998, 181.294, 162.206, 163.501, -10.109,  -8.813,   0.08850,   0.08879,   0.09155,   0.09268,    4358.196,    4372.483,  35.899,  36.455,  29.285,  30.286,  14.848,  16.658,  -1.618,  -1.618,  -1.618,  -1.618,  18.712,  18.712,  18.712,  18.712,   0.000, 360.000,   0.000, 360.000,   0.14081,   0.14081,    6934.436,    6934.436,  33.129,  33.129
"GO_0017","G2/GANYMEDE/C0359945504R.LBL                 ","J/IMG/GO/SSI/C0359945504","GANYMEDE    ",  21.956,  23.110,  21.956,  23.110, 179.325, 180.619, 162.882, 164.175, -10.768,  -9.475,   0.08820,   0.08851,   0.09148,   0.09267,    4343.698,    4358.792,  36.425,  36.980,  28.508,  29.507,  15.394,  17.243,  -1.618,  -1.618,  -1.618,  -1.618,  18.784,  18.784,  18.784,  18.784,   0.000, 360.000,   0.000, 360.000,   0.14043,   0.14043,    6915.893,    6915.893,  33.160,  33.160
"GO_0017","G2/GANYMEDE/C0359945507R.LBL                 ","J/IMG/GO/SSI/C0359945507","GANYMEDE    ",  21.574,  22.725,  21.574,  22.725, 178.827, 180.119, 163.383, 164.675, -11.257,  -9.965,   0.08799,   0.08831,   0.09148,   0.09272,    4333.385,    4349.090,  36.819,  37.375,  27.927,  28.926,  15.863,  17.733,  -1.618,  -1.618,  -1.618,  -1.618,  18.839,  18.839,  18.839,  18.839,   0.000, 360.000,   0.000, 360.000,   0.14015,   0.14015,    6901.995,    6901.995,  33.182,  33.182
"GO_0017","G2/GANYMEDE/C0359945511R.LBL                 ","J/IMG/GO/SSI/C0359945511","GANYMEDE    ",  21.058,  22.205,  21.058,  22.205, 178.170, 179.460, 164.043, 165.334, -11.901, -10.611,   0.08773,   0.08806,   0.09152,   0.09283,    4320.360,    4336.884,  37.347,  37.902,  27.151,  28.150,  16.555,  18.445,  -1.618,  -1.618,  -1.618,  -1.618,  18.911,  18.911,  18.911,  18.911,   0.000, 360.000,   0.000, 360.000,   0.13978,   0.13978,    6883.476,    6883.476,  33.213,  33.213
"GO_0017","G2/GANYMEDE/C0359945514R.LBL                 ","J/IMG/GO/SSI/C0359945514","GANYMEDE    ",  20.669,  21.813,  20.669,  21.813, 177.681, 178.971, 164.534, 165.824, -12.380, -11.090,   0.08754,   0.08789,   0.09160,   0.09297,    4311.156,    4328.303,  37.744,  38.299,  26.571,  27.571,  17.122,  19.023,  -1.618,  -1.618,  -1.618,  -1.618,  18.966,  18.966,  18.966,  18.966,   0.000, 360.000,   0.000, 360.000,   0.13949,   0.13949,    6869.591,    6869.591,  33.237,  33.237
"GO_0017","G2/GANYMEDE/C0359945518R.LBL                 ","J/IMG/GO/SSI/C0359945518","GANYMEDE    ",  20.150,  21.291,  20.150,  21.291, 177.037, 178.326, 165.180, 166.470, -13.012, -11.722,   0.08731,   0.08767,   0.09176,   0.09321,    4299.616,    4317.602,  38.273,  38.827,  25.802,  26.803,  17.934,  19.843,  -1.618,  -1.618,  -1.618,  -1.618,  19.040,  19.040,  19.040,  19.040,   0.000, 360.000,   0.000, 360.000,   0.13912,   0.13912,    6851.083,    6851.083,  33.268,  33.268
"GO_0017","G2/GANYMEDE/C0359945521R.LBL                 ","J/IMG/GO/SSI/C0359945521","GANYMEDE    ",  19.756,  20.896,  19.756,  20.896, 176.561, 177.851, 165.657, 166.946, -13.477, -12.187,   0.08714,   0.08752,   0.09193,   0.09343,    4291.469,    4310.088,  38.669,  39.223,  25.227,  26.229,  18.575,  20.487,  -1.618,  -1.618,  -1.618,  -1.618,  19.095,  19.095,  19.095,  19.095,   0.000, 360.000,   0.000, 360.000,   0.13884,   0.13884,    6837.211,    6837.211,  33.292,  33.292
"GO_0017","G2/GANYMEDE/C0359945600R.LBL                 ","J/IMG/GO/SSI/C0359945600","GANYMEDE    ",  10.691,  11.858,  10.691,  11.858, 167.789, 169.147, 174.388, 175.746, -21.997, -20.639,   0.04246,   0.04280,   0.05205,   0.05376,    4182.063,    4216.048,  47.039,  47.590,  13.239,  14.355,  35.344,  37.226,  -1.618,  -1.618,  -1.618,  -1.618,  20.483,  20.483,  20.483,  20.483,   0.000, 360.000,   0.000, 360.000,   0.06608,   0.06608,    6508.826,    6508.826,  33.907,  33.907
"GO_0017","G2/GANYMEDE/C0359945613R.LBL                 ","J/IMG/GO/SSI/C0359945613","GANYMEDE    ",  11.263,  12.406,  11.263,  12.406, 168.395, 169.718, 173.822, 175.146, -21.342, -20.018,   0.04169,   0.04202,   0.05057,   0.05215,    4105.944,    4138.347,  46.976,  47.528,  13.991,  15.068,  34.473,  36.325,  -1.618,  -1.618,  -1.618,  -1.618,  20.751,  20.751,  20.751,  20.751,   0.000, 360.000,   0.000, 360.000,   0.06548,   0.06548,    6449.435,    6449.435,  34.031,  34.031
"GO_0017","G2/GANYMEDE/C0359946135R.LBL                 ","J/IMG/GO/SSI/C0359946135","GANYMEDE    ",  55.952,  56.765,  55.952,  56.765, 172.518, 173.759, 169.966, 171.207, -14.024, -12.783,   0.04516,   0.04568,   0.06962,   0.07231,    2224.007,    2249.517,  33.060,  33.592,  58.084,  58.877,  49.558,  50.826,  -1.618,  -1.618,  -1.618,  -1.618,  35.320,  35.320,  35.320,  35.320,   0.000, 360.000,   0.000, 360.000,   0.08958,   0.08958,    4411.518,    4411.518,  42.654,  42.654
"GO_0017","G2/GANYMEDE/C0359946139R.LBL                 ","J/IMG/GO/SSI/C0359946139","GANYMEDE    ",  56.514,  57.338,  56.514,  57.338, 172.034, 173.309, 170.417, 171.692, -14.462, -13.186,   0.04519,   0.04572,   0.07106,   0.07390,    2225.600,    2251.765,  33.034,  33.564,  58.588,  59.392,  50.508,  51.779,  -1.618,  -1.618,  -1.618,  -1.618,  35.497,  35.497,  35.497,  35.497,   0.000, 360.000,   0.000, 360.000,   0.08927,   0.08927,    4396.047,    4396.047,  42.777,  42.777
"GO_0017","G2/GANYMEDE/C0359946142R.LBL                 ","J/IMG/GO/SSI/C0359946142","GANYMEDE    ",  56.938,  57.769,  56.938,  57.769, 171.662, 172.964, 170.763, 172.066, -14.799, -13.496,   0.04522,   0.04576,   0.07220,   0.07517,    2227.068,    2253.742,  33.013,  33.542,  58.970,  59.783,  51.220,  52.495,  -1.618,  -1.618,  -1.618,  -1.618,  35.631,  35.631,  35.631,  35.631,   0.000, 360.000,   0.000, 360.000,   0.08903,   0.08903,    4384.471,    4384.471,  42.871,  42.871
"GO_0017","G2/GANYMEDE/C0359946146R.LBL                 ","J/IMG/GO/SSI/C0359946146","GANYMEDE    ",  57.506,  58.348,  57.506,  58.348, 171.152, 172.494, 171.235, 172.577, -15.261, -13.919,   0.04527,   0.04582,   0.07381,   0.07695,    2229.373,    2256.749,  32.985,  33.512,  59.485,  60.310,  52.170,  53.449,  -1.618,  -1.618,  -1.618,  -1.618,  35.810,  35.810,  35.810,  35.810,   0.000, 360.000,   0.000, 360.000,   0.08872,   0.08872,    4369.077,    4369.077,  42.996,  42.996
"GO_0017","G2/GANYMEDE/C0359946149R.LBL                 ","J/IMG/GO/SSI/C0359946149","GANYMEDE    ",  57.937,  58.788,  57.937,  58.788, 170.756, 172.130, 171.601, 172.975, -15.622, -14.248,   0.04531,   0.04588,   0.07510,   0.07838,    2231.492,    2259.421,  32.964,  33.489,  59.878,  60.712,  52.889,  54.172,  -1.618,  -1.618,  -1.618,  -1.618,  35.946,  35.946,  35.946,  35.946,   0.000, 360.000,   0.000, 360.000,   0.08848,   0.08848,    4357.556,    4357.556,  43.091,  43.091
"GO_0017","G2/GANYMEDE/C0359946153R.LBL                 ","J/IMG/GO/SSI/C0359946153","GANYMEDE    ",  58.517,  59.380,  58.517,  59.380, 170.201, 171.621, 172.111, 173.531, -16.128, -14.708,   0.04538,   0.04596,   0.07694,   0.08042,    2234.869,    2263.574,  32.938,  33.461,  60.410,  61.257,  53.855,  55.144,  -1.618,  -1.618,  -1.618,  -1.618,  36.128,  36.128,  36.128,  36.128,   0.000, 360.000,   0.000, 360.000,   0.08817,   0.08817,    4342.230,    4342.230,  43.218,  43.218
"GO_0017","G2/GANYMEDE/C0359946156R.LBL                 ","J/IMG/GO/SSI/C0359946156","GANYMEDE    ",  58.952,  59.826,  58.952,  59.826, 169.773, 171.231, 172.501, 173.959, -16.519, -15.061,   0.04544,   0.04603,   0.07839,   0.08204,    2237.623,    2266.931,  32.917,  33.439,  60.811,  61.669,  54.576,  55.870,  -1.618,  -1.618,  -1.618,  -1.618,  36.265,  36.265,  36.265,  36.265,   0.000, 360.000,   0.000, 360.000,   0.08794,   0.08794,    4330.776,    4330.776,  43.315,  43.315
"GO_0017","G2/GANYMEDE/C0359946160R.LBL                 ","J/IMG/GO/SSI/C0359946160","GANYMEDE    ",  59.541,  60.429,  59.541,  60.429, 169.179, 170.692, 173.043, 174.555, -17.064, -15.551,   0.04552,   0.04614,   0.08047,   0.08437,    2241.892,    2272.050,  32.889,  33.409,  61.358,  62.231,  55.547,  56.850,  -1.618,  -1.618,  -1.618,  -1.618,  36.448,  36.448,  36.448,  36.448,   0.000, 360.000,   0.000, 360.000,   0.08763,   0.08763,    4315.523,    4315.523,  43.445,  43.445
"GO_0017","G2/GANYMEDE/C0359946163R.LBL                 ","J/IMG/GO/SSI/C0359946163","GANYMEDE    ",  59.985,  60.884,  59.985,  60.884, 168.719, 170.276, 173.460, 175.017, -17.487, -15.930,   0.04559,   0.04622,   0.08212,   0.08622,    2245.376,    2276.200,  32.867,  33.385,  61.773,  62.657,  56.275,  57.585,  -1.618,  -1.618,  -1.618,  -1.618,  36.587,  36.587,  36.587,  36.587,   0.000, 360.000,   0.000, 360.000,   0.08740,   0.08740,    4304.114,    4304.114,  43.543,  43.543
"GO_0017","G2/GANYMEDE/C0359946167R.LBL                 ","J/IMG/GO/SSI/C0359946167","GANYMEDE    ",  60.584,  61.498,  60.584,  61.498, 168.072, 169.694, 174.043, 175.665, -18.083, -16.461,   0.04570,   0.04635,   0.08449,   0.08889,    2250.627,    2282.393,  32.838,  33.355,  62.335,  63.236,  57.255,  58.575,  -1.618,  -1.618,  -1.618,  -1.618,  36.773,  36.773,  36.773,  36.773,   0.000, 360.000,   0.000, 360.000,   0.08709,   0.08709,    4288.932,    4288.932,  43.675,  43.675
"GO_0017","G2/GANYMEDE/C0359946170R.LBL                 ","J/IMG/GO/SSI/C0359946170","GANYMEDE    ",  61.040,  61.966,  61.040,  61.966, 167.561, 169.237, 174.502, 176.177, -18.556, -16.880,   0.04579,   0.04645,   0.08641,   0.09106,    2255.096,    2287.617,  32.817,  33.332,  62.766,  63.680,  57.999,  59.327,  -1.618,  -1.618,  -1.618,  -1.618,  36.914,  36.914,  36.914,  36.914,   0.000, 360.000,   0.000, 360.000,   0.08686,   0.08686,    4277.580,    4277.580,  43.775,  43.775
"GO_0017","G2/GANYMEDE/C0359946174R.LBL                 ","J/IMG/GO/SSI/C0359946174","GANYMEDE    ",  61.654,  62.599,  61.654,  62.599, 166.843, 168.598, 175.142, 176.897, -19.222, -17.467,   0.04592,   0.04661,   0.08916,   0.09419,    2261.629,    2295.301,  32.789,  33.302,  63.351,  64.284,  58.996,  60.341,  -1.618,  -1.618,  -1.618,  -1.618,  37.102,  37.102,  37.102,  37.102,   0.000, 360.000,   0.000, 360.000,   0.08655,   0.08655,    4262.482,    4262.482,  43.909,  43.909
"GO_0017","G2/GANYMEDE/C0359946177R.LBL                 ","J/IMG/GO/SSI/C0359946177","GANYMEDE    ",  62.119,  63.077,  62.119,  63.077, 166.275, 168.096, 175.645, 177.466, -19.751, -17.930,   0.04603,   0.04674,   0.09134,   0.09677,    2266.787,    2301.820,  32.769,  33.281,  63.796,  64.744,  59.742,  61.117,  -1.618,  -1.618,  -1.618,  -1.618,  37.245,  37.245,  37.245,  37.245,   0.000, 360.000,   0.000, 360.000,   0.08632,   0.08632,    4251.189,    4251.189,  44.011,  44.011
"GO_0017","G2/GANYMEDE/C0359946181R.LBL                 ","J/IMG/GO/SSI/C0359946181","GANYMEDE    ",  62.749,  63.728,  62.749,  63.728, 165.474, 167.392, 176.351, 178.269, -20.500, -18.582,   0.04618,   0.04694,   0.09450,   0.10053,    2274.376,    2311.437,  32.741,  33.250,  64.403,  65.374,  60.745,  62.168,  -1.618,  -1.618,  -1.618,  -1.618,  37.435,  37.435,  37.435,  37.435,   0.000, 360.000,   0.000, 360.000,   0.08602,   0.08602,    4236.169,    4236.169,  44.147,  44.147
"GO_0017","G2/GANYMEDE/C0359946184R.LBL                 ","J/IMG/GO/SSI/C0359946184","GANYMEDE    ",  63.225,  64.220,  63.225,  64.220, 164.843, 166.841, 176.902, 178.901, -21.091, -19.092,   0.04631,   0.04709,   0.09704,   0.10358,    2280.448,    2319.133,  32.718,  33.226,  64.866,  65.855,  61.500,  62.959,  -1.618,  -1.618,  -1.618,  -1.618,  37.579,  37.579,  37.579,  37.579,   0.000, 360.000,   0.000, 360.000,   0.08579,   0.08579,    4224.936,    4224.936,  44.250,  44.250
"GO_0017","G2/GANYMEDE/C0359946188R.LBL                 ","J/IMG/GO/SSI/C0359946188","GANYMEDE    ",  63.871,  64.890,  63.871,  64.890, 163.936, 166.057, 177.689, 179.809, -21.943, -19.823,   0.04649,   0.04732,   0.10076,   0.10809,    2289.503,    2330.550,  32.691,  33.196,  65.499,  66.514,  62.523,  64.036,  -1.618,  -1.618,  -1.618,  -1.618,  37.772,  37.772,  37.772,  37.772,   0.000, 360.000,   0.000, 360.000,   0.08549,   0.08549,    4210.002,    4210.002,  44.389,  44.389
"GO_0017","G2/IO/C0359986578R.LBL                       ","J/IMG/GO/SSI/C0359986578","IO          ", -83.105,  82.716, -83.148,  82.751,  85.709, 302.847,  55.157, 272.295, -88.847, 128.292,   4.92473,   4.94310,   4.92501, 766.54022,  485043.986,  486858.410,   3.855,   4.281,   0.092,  92.408,   0.618,  89.631,  -1.531,  -1.531,  -1.554,  -1.554,   0.627,   0.627,   0.637,   0.637,   0.000, 360.000,   0.000, 360.000,   4.94321,   4.94321,  486873.200,  486873.200,   4.068,   4.068
"GO_0017","G2/IO/C0359986600R.LBL                       ","J/IMG/GO/SSI/C0359986600","IO          ", -81.488,  84.376, -81.574,  84.417,  87.932, 302.847,  55.175, 270.090, -86.644, 128.271,   9.84835,   9.88383,   9.85481, 246.14168,  484988.849,  486741.506,   3.855,   4.278,   1.008,  90.085,   0.438,  87.699,  -1.531,  -1.531,  -1.554,  -1.554,   0.627,   0.627,   0.637,   0.637,   0.000, 360.000,   0.000, 360.000,   9.88530,   9.88530,  486818.116,  486818.116,   4.066,   4.066
"GO_0017","G2/IO/C0359986604R.LBL                       ","J/IMG/GO/SSI/C0359986604","IO          ", -81.394,  84.491, -81.478,  84.533,  85.705, 302.847,  55.182, 272.324, -88.879, 128.264,   9.84794,   9.88416,   9.85570, 523.13436,  484968.298,  486767.760,   3.852,   4.278,   1.201,  92.094,   0.282,  89.122,  -1.531,  -1.531,  -1.554,  -1.554,   0.627,   0.627,   0.637,   0.637,   0.000, 360.000,   0.000, 360.000,   9.88488,   9.88488,  486797.596,  486797.596,   4.065,   4.065
"GO_0017","G2/IO/C0359986607R.LBL                       ","J/IMG/GO/SSI/C0359986607","IO          ", -81.330,  84.571, -81.413,  84.613,  85.812, 302.847,  55.186, 272.221, -88.777, 128.258,   9.84765,   9.88407,   9.85524, 666.50501,  484954.060,  486767.237,   3.851,   4.278,   1.190,  92.401,   0.230,  89.565,  -1.531,  -1.531,  -1.554,  -1.554,   0.627,   0.627,   0.637,   0.637,   0.000, 360.000,   0.000, 360.000,   9.88459,   9.88459,  486783.366,  486783.366,   4.065,   4.065
"GO_0017","G2/SML_SATS/C0360025813R.LBL                 ","J/IMG/GO/SSI/C0360025813","AMALTHEA    ", -17.538,  44.000, -26.707,  70.982, 317.713,  91.695, 152.369, 286.352, -73.278,  60.705,   9.54103,   9.54173,  11.33087,  29.47697,  939710.006,  939780.197,  33.121,  33.125,  28.312,  74.238,  32.648,  71.114,  -1.695,  -1.695,  -2.418,  -2.418,   0.169,   0.169,   0.372,   0.372,   0.000, 360.000,   0.000, 360.000,   9.54190,   9.54190,  939813.750,  939813.750,  33.122,  33.122
"GO_0017","G2/SML_SATS/C0360025826R.LBL                 ","J/IMG/GO/SSI/C0360025826","AMALTHEA    ", -31.806,  32.394, -46.700,  51.579, 317.713, 108.345, 135.799, 286.431, -73.335,  77.297,   9.53968,   9.54046,  14.48424,  30.11039,  939574.803,  939653.313,  33.143,  33.148,  46.968,  55.238,  48.807,  71.532,  -1.695,  -1.695,  -2.417,  -2.417,   0.169,   0.169,   0.372,   0.372,   0.000, 360.000,   0.000, 360.000,   9.54041,   9.54041,  939666.722,  939666.722,  33.144,  33.144
"GO_0017","G2/SML_SATS/C0360025836R.LBL                 ","J/IMG/GO/SSI/C0360025836","AMALTHEA    ", -38.882,  24.886, -59.647,  48.080, 317.713,  70.692, 173.522, 286.501, -73.385,  39.595,   9.53828,   9.53882,  14.31673,  23.24575,  939439.283,  939494.029,  33.162,  33.167,  38.446,  69.499,  48.222,  65.777,  -1.695,  -1.695,  -2.416,  -2.416,   0.169,   0.169,   0.372,   0.372,   0.000, 360.000,   0.000, 360.000,   9.53908,   9.53908,  939536.135,  939536.135,  33.164,  33.164
"GO_0017","G2/EUROPA/C0360063900R.LBL                   ","J/IMG/GO/SSI/C0360063900","EUROPA      ", -83.846,  83.222, -83.870,  83.233, 205.056,  20.433,  92.395, 267.772, -87.880,  87.497,   6.87144,   6.88698,   6.87149, 392.55450,  676761.661,  678292.834,   1.988,   2.248,   0.158,  89.185,   0.227,  88.995,  -1.090,  -1.090,  -1.092,  -1.092,   1.024,   1.024,   1.026,   1.026,   0.000, 360.000,   0.000, 360.000,   6.88698,   6.88698,  678322.236,  678322.236,   2.117,   2.117
"GO_0017","G2/EUROPA/C0360063913R.LBL                   ","J/IMG/GO/SSI/C0360063913","EUROPA      ", -84.741,  81.090, -84.754,  81.105, 206.358,  22.007,  90.831, 266.481, -86.577,  89.072,   6.87132,   6.88696,   6.87182, 606.34770,  676750.130,  678291.378,   1.988,   2.248,   0.558,  90.558,   0.689,  89.349,  -1.090,  -1.090,  -1.092,  -1.092,   1.024,   1.024,   1.026,   1.026,   0.000, 360.000,   0.000, 360.000,   6.88687,   6.88687,  678310.605,  678310.605,   2.117,   2.117
"GO_0017","G2/EUROPA/C0360063926R.LBL                   ","J/IMG/GO/SSI/C0360063926","EUROPA      ", -79.125,  88.294, -79.163,  88.296, 204.927,  19.981,  92.868, 267.922, -88.007,  87.047,   6.87121,   6.88668,   6.87174, 318.19268,  676738.454,  678264.797,   1.985,   2.245,   0.801,  89.819,   0.719,  88.757,  -1.090,  -1.090,  -1.092,  -1.092,   1.024,   1.024,   1.026,   1.026,   0.000, 360.000,   0.000, 360.000,   6.88675,   6.88675,  678298.918,  678298.918,   2.116,   2.116
"GO_0017","G2/CALLISTO/C0360198468R.LBL                 ","J/IMG/GO/SSI/C0360198468","CALLISTO    ", -77.872,  29.980, -77.872,  29.980, 242.642,  55.857,  94.499, 267.713, -87.891,  85.324,  17.34987,  17.39721,  17.35102, 587.24039,  854392.772,  856728.086,   1.159,   1.411,   0.600,  87.338,   0.676,  88.299,  -1.364,  -1.364,  -1.364,  -1.364,  -0.125,  -0.125,  -0.125,  -0.125,   0.000, 360.000,   0.000, 360.000,  17.39818,  17.39818,  856802.878,  856802.878,   1.251,   1.251
"GO_0017","G2/CALLISTO/C0360198968R.LBL                 ","J/IMG/GO/SSI/C0360198968","CALLISTO    ", -76.591,  30.000, -76.591,  30.000, 242.757,  57.527,  92.904, 267.674, -87.730,  87.040,  17.29202,  17.33975,  17.29283, 677.57607,  851543.848,  853888.921,   1.155,   1.396,   0.681,  88.134,   0.573,  88.536,  -1.364,  -1.364,  -1.364,  -1.364,  -0.128,  -0.128,  -0.128,  -0.128,   0.000, 360.000,   0.000, 360.000,  17.34033,  17.34033,  853954.001,  853954.001,   1.237,   1.237
"GO_0017","G2/CALLISTO/C0360322900R.LBL                 ","J/IMG/GO/SSI/C0360322900","CALLISTO    ", -30.230,  84.883, -30.230,  84.883, 216.352,  16.093, 152.995, 312.736, -70.589,  89.152,   4.25730,   4.28133,   4.25737, 286.16793,  419293.264,  421660.439,  62.034,  62.451,   0.385, 101.373,   0.277,  89.143,  -1.360,  -1.360,  -1.360,  -1.360,  -1.401,  -1.401,  -1.401,  -1.401,   0.000, 360.000,   0.000, 360.000,   4.28154,   4.28154,  421703.383,  421703.383,  62.127,  62.127
"GO_0017","G2/CALLISTO/C0360323000R.LBL                 ","J/IMG/GO/SSI/C0360323000","CALLISTO    ", -81.666, -14.888, -81.666, -14.888, 202.583,  15.576, 153.525, 326.519, -84.298,  88.695,   4.25803,   4.28104,   4.40090, 165.55544,  419368.515,  421631.642,  62.117,  62.515,  13.932,  99.780,  14.640,  88.520,  -1.360,  -1.360,  -1.360,  -1.360,  -1.402,  -1.402,  -1.402,  -1.402,   0.000, 360.000,   0.000, 360.000,   4.28151,   4.28151,  421700.849,  421700.849,  62.200,  62.200
"GO_0017","C3/CALLISTO/C0368211900R.LBL                 ","J/IMG/GO/SSI/C0368211900","CALLISTO    ", -49.354,  81.482, -49.354,  81.482,  66.041, 302.704, 336.458, 213.121, -87.442, 149.222,  10.15862,  10.20623,  10.16027, 440.61571,  500289.889,  502638.307,  54.125,  54.593,   1.024, 119.091,   1.032,  88.673,  -1.147,  -1.147,  -1.147,  -1.147,  -0.391,  -0.391,  -0.391,  -0.391,   0.000, 360.000,   0.000, 360.000,  10.20779,  10.20779,  502699.916,  502699.916,  54.320,  54.320
"GO_0017","C3/CALLISTO/C0368211901R.LBL                 ","J/IMG/GO/SSI/C0368211901","CALLISTO    ", -49.354,  81.482, -49.354,  81.482,  66.041, 302.704, 336.458, 213.121, -87.442, 149.222,  10.15862,  10.20623,  10.16027, 440.61571,  500289.889,  502638.307,  54.125,  54.593,   1.024, 119.091,   1.032,  88.673,  -1.147,  -1.147,  -1.147,  -1.147,  -0.391,  -0.391,  -0.391,  -0.391,   0.000, 360.000,   0.000, 360.000,  10.20779,  10.20779,  502699.916,  502699.916,  54.320,  54.320
"GO_0017","C3/CALLISTO/C0368211922R.LBL                 ","J/IMG/GO/SSI/C0368211922","CALLISTO    ", -49.333,  81.414, -49.333,  81.414,  65.040, 302.704, 336.462, 214.126, -88.446, 149.218,  10.15617,  10.20381,  10.15767, 483.94975,  500168.978,  502522.441,  54.125,  54.593,   1.111, 118.748,   0.985,  88.792,  -1.147,  -1.147,  -1.147,  -1.147,  -0.391,  -0.391,  -0.391,  -0.391,   0.000, 360.000,   0.000, 360.000,  10.20534,  10.20534,  502579.041,  502579.041,  54.320,  54.320
"GO_0017","C3/CALLISTO/C0368211945R.LBL                 ","J/IMG/GO/SSI/C0368211945","CALLISTO    ", -49.311,  81.346, -49.311,  81.346,  66.352, 302.704, 336.466, 212.818, -87.138, 149.215,  10.15365,  10.20101,  10.15502, 360.16691,  500045.027,  502381.073,  54.125,  54.593,   1.203, 118.409,   0.941,  88.377,  -1.147,  -1.147,  -1.147,  -1.147,  -0.391,  -0.391,  -0.391,  -0.391,   0.000, 360.000,   0.000, 360.000,  10.20282,  10.20282,  502455.120,  502455.120,  54.319,  54.319
"GO_0017","C3/CALLISTO/C0368211968R.LBL                 ","J/IMG/GO/SSI/C0368211968","CALLISTO    ", -49.289,  81.277, -49.289,  81.277,  64.042, 302.704, 336.469, 215.132, -89.451, 149.211,  10.15109,  10.19944,  10.15234,1476.97926,  499918.919,  502306.613,  54.125,  54.593,   1.300, 118.078,   0.899,  89.604,  -1.147,  -1.147,  -1.147,  -1.147,  -0.391,  -0.391,  -0.391,  -0.391,   0.000, 360.000,   0.000, 360.000,  10.20026,  10.20026,  502329.041,  502329.041,  54.319,  54.319
"GO_0017","C3/CALLISTO/C0368212000R.LBL                 ","J/IMG/GO/SSI/C0368212000","CALLISTO    ", -49.267,  81.209, -49.267,  81.209,  65.312, 302.704, 336.473, 213.866, -88.185, 149.208,  10.14856,  10.19608,  10.14971, 398.85064,  499794.434,  502137.180,  54.125,  54.593,   1.399, 117.830,   0.863,  88.535,  -1.147,  -1.147,  -1.147,  -1.147,  -0.391,  -0.391,  -0.391,  -0.391,   0.000, 360.000,   0.000, 360.000,  10.19773,  10.19773,  502204.579,  502204.579,  54.319,  54.319
"GO_0017","C3/CALLISTO/C0368281000R.LBL                 ","J/IMG/GO/SSI/C0368281000","CALLISTO    ", -19.791,  16.141, -19.791,  16.141, 124.437, 164.576, 125.019, 165.157, -38.276,   1.863,   3.41616,   3.42883,   3.41618,   4.65314,  168239.956,  168866.372,  53.092,  53.607,  17.733,  56.764,   0.203,  42.533,  -1.146,  -1.146,  -1.146,  -1.146,  -0.216,  -0.216,  -0.216,  -0.216,   0.000, 360.000,   0.000, 360.000,   3.46521,   3.46521,  170650.346,  170650.346,  53.122,  53.122
"GO_0017","C3/CALLISTO/C0368292900R.LBL                 ","J/IMG/GO/SSI/C0368292900","CALLISTO    ",   5.215,  30.610,   5.215,  30.610, 108.663, 145.876, 145.517, 182.730, -55.241, -18.029,   1.14115,   1.15250,   1.20809,   2.43276,  112400.985,  113519.012,  52.872,  53.388,   9.625,  43.645,  19.162,  61.723,  -1.146,  -1.146,  -1.146,  -1.146,  -0.080,  -0.080,  -0.080,  -0.080,   0.000, 360.000,   0.000, 360.000,   1.16435,   1.16435,  114680.571,  114680.571,  52.519,  52.519
"GO_0017","C3/CALLISTO/C0368293000R.LBL                 ","J/IMG/GO/SSI/C0368293000","CALLISTO    ",   5.018,  30.044,   5.018,  30.044, 137.788, 165.286, 126.121, 153.620, -26.124,   1.374,   1.13516,   1.14063,   1.13989,   1.48533,  111810.896,  112350.044,  52.473,  52.990,  30.142,  59.717,   5.221,  39.831,  -1.146,  -1.146,  -1.146,  -1.146,  -0.079,  -0.079,  -0.079,  -0.079,   0.000, 360.000,   0.000, 360.000,   1.15959,   1.15959,  114211.510,  114211.510,  52.511,  52.511
"GO_0017","C3/CALLISTO/C0368293100R.LBL                 ","J/IMG/GO/SSI/C0368293100","CALLISTO    ",  24.321,  56.548,  24.321,  56.548, 120.386, 166.294, 125.128, 171.037, -43.533,   2.375,   1.13253,   1.14524,   1.24877,   3.01010,  111551.882,  112803.537,  52.457,  52.974,  37.110,  71.636,  24.917,  67.637,  -1.146,  -1.146,  -1.146,  -1.146,  -0.077,  -0.077,  -0.077,  -0.077,   0.000, 360.000,   0.000, 360.000,   1.15482,   1.15482,  113742.456,  113742.456,  52.504,  52.504
"GO_0017","C3/CALLISTO/C0368293101R.LBL                 ","J/IMG/GO/SSI/C0368293101","CALLISTO    ",  24.321,  56.548,  24.321,  56.548, 120.386, 166.294, 125.128, 171.037, -43.533,   2.375,   1.13253,   1.14524,   1.24877,   3.01010,  111551.882,  112803.537,  52.457,  52.974,  37.110,  71.636,  24.917,  67.637,  -1.146,  -1.146,  -1.146,  -1.146,  -0.077,  -0.077,  -0.077,  -0.077,   0.000, 360.000,   0.000, 360.000,   1.15482,   1.15482,  113742.456,  113742.456,  52.504,  52.504
"GO_0017","C3/CALLISTO/C0368293200R.LBL                 ","J/IMG/GO/SSI/C0368293200","CALLISTO    ",  24.611,  56.809,  24.611,  56.809, 302.704, 143.438, 148.000, 348.734, 138.777, -20.490,   1.12925,   1.14966,   1.33630, 249.40525,  111229.141,  113236.656,  52.857,  53.374,  26.783,  62.875,  32.321,  89.736,  -1.146,  -1.146,  -1.146,  -1.146,  -0.075,  -0.075,  -0.075,  -0.075,   0.000, 360.000,   0.000, 360.000,   1.15006,   1.15006,  113273.414,  113273.414,  52.496,  52.496
"GO_0017","C3/CALLISTO/C0368317400R.LBL                 ","J/IMG/GO/SSI/C0368317400","CALLISTO    ",  15.129,  15.462,  15.129,  15.462,  54.279,  54.760, 240.331, 240.812, -18.179, -17.699,   0.02926,   0.02954,   0.04300,   0.04419,    1441.179,    1454.887,  14.726,  15.343,  61.827,  62.291,  47.108,  48.046,  -1.145,  -1.145,  -1.145,  -1.145,  13.156,  13.156,  13.156,  13.156,   0.000, 360.000,   0.000, 360.000,   0.07212,   0.07212,    3551.728,    3551.728,  44.626,  44.626
"GO_0017","C3/CALLISTO/C0368317649R.LBL                 ","J/IMG/GO/SSI/C0368317649","CALLISTO    ",  34.266,  34.940,  34.266,  34.940,  46.375,  47.031, 248.098, 248.755,  -7.292,  -6.636,   0.03812,   0.03862,   0.06345,   0.06627,    1877.414,    1902.164,  55.010,  55.530,  72.735,  73.400,  53.070,  54.351,  -1.145,  -1.145,  -1.145,  -1.145,  12.129,  12.129,  12.129,  12.129,   0.000, 360.000,   0.000, 360.000,   0.07804,   0.07804,    3843.386,    3843.386,  62.434,  62.434
"GO_0017","C3/CALLISTO/C0368317653R.LBL                 ","J/IMG/GO/SSI/C0368317653","CALLISTO    ",  34.381,  35.060,  34.381,  35.060,  45.883,  46.549, 248.581, 249.247,  -7.488,  -6.822,   0.03839,   0.03890,   0.06418,   0.06709,    1890.547,    1915.767,  55.154,  55.674,  73.148,  73.821,  53.263,  54.558,  -1.145,  -1.145,  -1.145,  -1.145,  12.102,  12.102,  12.102,  12.102,   0.000, 360.000,   0.000, 360.000,   0.07821,   0.07821,    3851.573,    3851.573,  62.717,  62.717
"GO_0017","C3/CALLISTO/C0368317656R.LBL                 ","J/IMG/GO/SSI/C0368317656","CALLISTO    ",  34.472,  35.155,  34.472,  35.155,  45.508,  46.182, 248.949, 249.623,  -7.643,  -6.969,   0.03859,   0.03911,   0.06476,   0.06773,    1900.683,    1926.277,  55.257,  55.777,  73.464,  74.142,  53.417,  54.724,  -1.145,  -1.145,  -1.145,  -1.145,  12.082,  12.082,  12.082,  12.082,   0.000, 360.000,   0.000, 360.000,   0.07834,   0.07834,    3857.776,    3857.776,  62.928,  62.928
"GO_0017","C3/CALLISTO/C0368317660R.LBL                 ","J/IMG/GO/SSI/C0368317660","CALLISTO    ",  34.601,  35.290,  34.601,  35.290,  45.008,  45.693, 249.438, 250.123,  -7.850,  -7.165,   0.03888,   0.03941,   0.06557,   0.06863,    1914.569,    1940.681,  55.398,  55.918,  73.886,  74.571,  53.636,  54.958,  -1.145,  -1.145,  -1.145,  -1.145,  12.055,  12.055,  12.055,  12.055,   0.000, 360.000,   0.000, 360.000,   0.07851,   0.07851,    3866.126,    3866.126,  63.210,  63.210
"GO_0017","C3/CALLISTO/C0368317661R.LBL                 ","J/IMG/GO/SSI/C0368317661","CALLISTO    ",  34.601,  35.290,  34.601,  35.290,  45.008,  45.693, 249.438, 250.123,  -7.850,  -7.165,   0.03888,   0.03941,   0.06557,   0.06863,    1914.569,    1940.681,  55.398,  55.918,  73.886,  74.571,  53.636,  54.958,  -1.145,  -1.145,  -1.145,  -1.145,  12.055,  12.055,  12.055,  12.055,   0.000, 360.000,   0.000, 360.000,   0.07851,   0.07851,    3866.126,    3866.126,  63.210,  63.210
"GO_0017","C3/CALLISTO/C0368317663R.LBL                 ","J/IMG/GO/SSI/C0368317663","CALLISTO    ",  34.699,  35.392,  34.699,  35.392,  44.626,  45.319, 249.813, 250.506,  -8.013,  -7.320,   0.03909,   0.03963,   0.06620,   0.06933,    1925.144,    1951.661,  55.497,  56.017,  74.208,  74.898,  53.804,  55.138,  -1.145,  -1.145,  -1.145,  -1.145,  12.034,  12.034,  12.034,  12.034,   0.000, 360.000,   0.000, 360.000,   0.07863,   0.07863,    3872.453,    3872.453,  63.420,  63.420
"GO_0017","C3/CALLISTO/C0368317753R.LBL                 ","J/IMG/GO/SSI/C0368317753","CALLISTO    ",  36.926,  37.760,  36.926,  37.760,  33.479,  34.481, 260.664, 261.667, -13.539, -12.536,   0.04540,   0.04621,   0.08594,   0.09196,    2235.903,    2275.888,  57.553,  58.071,  83.243,  84.127,  58.110,  59.830,  -1.145,  -1.145,  -1.145,  -1.145,  11.450,  11.450,  11.450,  11.450,   0.000, 360.000,   0.000, 360.000,   0.08249,   0.08249,    4062.325,    4062.325,  68.833,  68.833
"GO_0017","C3/CALLISTO/C0368317754R.LBL                 ","J/IMG/GO/SSI/C0368317754","CALLISTO    ",  36.926,  37.760,  36.926,  37.760,  33.479,  34.481, 260.664, 261.667, -13.539, -12.536,   0.04540,   0.04621,   0.08594,   0.09196,    2235.903,    2275.888,  57.553,  58.071,  83.243,  84.127,  58.110,  59.830,  -1.145,  -1.145,  -1.145,  -1.145,  11.450,  11.450,  11.450,  11.450,   0.000, 360.000,   0.000, 360.000,   0.08249,   0.08249,    4062.325,    4062.325,  68.833,  68.833
"GO_0017","C3/CALLISTO/C0368317756R.LBL                 ","J/IMG/GO/SSI/C0368317756","CALLISTO    ",  36.931,  37.759,  36.931,  37.759,  33.936,  34.912, 260.234, 261.209, -12.884, -11.909,   0.04539,   0.04619,   0.08495,   0.09071,    2235.501,    2274.520,  58.271,  58.789,  82.903,  83.768,  57.699,  59.393,  -1.145,  -1.145,  -1.145,  -1.145,  11.428,  11.428,  11.428,  11.428,   0.000, 360.000,   0.000, 360.000,   0.08265,   0.08265,    4070.028,    4070.028,  69.023,  69.023
"GO_0017","C3/CALLISTO/C0368317757R.LBL                 ","J/IMG/GO/SSI/C0368317757","CALLISTO    ",  36.931,  37.759,  36.931,  37.759,  33.936,  34.912, 260.234, 261.209, -12.884, -11.909,   0.04539,   0.04619,   0.08495,   0.09071,    2235.501,    2274.520,  58.271,  58.789,  82.903,  83.768,  57.699,  59.393,  -1.145,  -1.145,  -1.145,  -1.145,  11.428,  11.428,  11.428,  11.428,   0.000, 360.000,   0.000, 360.000,   0.08265,   0.08265,    4070.028,    4070.028,  69.023,  69.023
"GO_0017","C3/CALLISTO/C0368317760R.LBL                 ","J/IMG/GO/SSI/C0368317760","CALLISTO    ",  36.934,  37.756,  36.934,  37.756,  34.540,  35.482, 259.665, 260.606, -12.018, -11.077,   0.04540,   0.04616,   0.08374,   0.08920,    2235.616,    2273.413,  59.227,  59.744,  82.451,  83.293,  57.172,  58.832,  -1.145,  -1.145,  -1.145,  -1.145,  11.397,  11.397,  11.397,  11.397,   0.000, 360.000,   0.000, 360.000,   0.08286,   0.08286,    4080.370,    4080.370,  69.277,  69.277
"GO_0017","C3/CALLISTO/C0368317761R.LBL                 ","J/IMG/GO/SSI/C0368317761","CALLISTO    ",  36.934,  37.756,  36.934,  37.756,  34.540,  35.482, 259.665, 260.606, -12.018, -11.077,   0.04540,   0.04616,   0.08374,   0.08920,    2235.616,    2273.413,  59.227,  59.744,  82.451,  83.293,  57.172,  58.832,  -1.145,  -1.145,  -1.145,  -1.145,  11.397,  11.397,  11.397,  11.397,   0.000, 360.000,   0.000, 360.000,   0.08286,   0.08286,    4080.370,    4080.370,  69.277,  69.277
"GO_0017","C3/CALLISTO/C0368317763R.LBL                 ","J/IMG/GO/SSI/C0368317763","CALLISTO    ",  36.937,  37.754,  36.937,  37.754,  34.986,  35.903, 259.244, 260.161, -11.377, -10.460,   0.04541,   0.04616,   0.08293,   0.08818,    2236.326,    2273.267,  59.939,  60.456,  82.118,  82.944,  56.800,  58.435,  -1.145,  -1.145,  -1.145,  -1.145,  11.375,  11.375,  11.375,  11.375,   0.000, 360.000,   0.000, 360.000,   0.08301,   0.08301,    4088.177,    4088.177,  69.466,  69.466
"GO_0017","C3/CALLISTO/C0368317767R.LBL                 ","J/IMG/GO/SSI/C0368317767","CALLISTO    ",  36.948,  37.761,  36.948,  37.761,  35.575,  36.462, 258.686, 259.573, -10.529,  -9.642,   0.04545,   0.04618,   0.08200,   0.08701,    2238.238,    2274.117,  60.889,  61.406,  81.678,  82.484,  56.341,  57.944,  -1.145,  -1.145,  -1.145,  -1.145,  11.345,  11.345,  11.345,  11.345,   0.000, 360.000,   0.000, 360.000,   0.08323,   0.08323,    4098.659,    4098.659,  69.716,  69.716
"GO_0017","C3/CALLISTO/C0368317768R.LBL                 ","J/IMG/GO/SSI/C0368317768","CALLISTO    ",  36.948,  37.761,  36.948,  37.761,  35.575,  36.462, 258.686, 259.573, -10.529,  -9.642,   0.04545,   0.04618,   0.08200,   0.08701,    2238.238,    2274.117,  60.889,  61.406,  81.678,  82.484,  56.341,  57.944,  -1.145,  -1.145,  -1.145,  -1.145,  11.345,  11.345,  11.345,  11.345,   0.000, 360.000,   0.000, 360.000,   0.08323,   0.08323,    4098.659,    4098.659,  69.716,  69.716
"GO_0017","C3/CALLISTO/C0368317884R.LBL                 ","J/IMG/GO/SSI/C0368317884","CALLISTO    ",   3.804,   4.256,   3.804,   4.256,  31.276,  31.748, 263.417, 263.889,  -8.340,  -7.868,   0.04220,   0.04241,   0.04540,   0.04606,    2078.402,    2088.787,  67.057,  67.592,  83.523,  83.980,  21.613,  22.961,  -1.145,  -1.145,  -1.145,  -1.145,  10.513,  10.513,  10.513,  10.513,   0.000, 360.000,   0.000, 360.000,   0.08954,   0.08954,    4409.467,    4409.467,  76.015,  76.015
"GO_0017","C3/CALLISTO/C0368317888R.LBL                 ","J/IMG/GO/SSI/C0368317888","CALLISTO    ",   3.820,   4.272,   3.820,   4.272,  31.694,  32.162, 263.005, 263.472,  -7.700,  -7.233,   0.04229,   0.04249,   0.04515,   0.04578,    2082.871,    2092.718,  68.008,  68.542,  83.112,  83.565,  20.478,  21.825,  -1.145,  -1.145,  -1.145,  -1.145,  10.482,  10.482,  10.482,  10.482,   0.000, 360.000,   0.000, 360.000,   0.08979,   0.08979,    4421.928,    4421.928,  76.231,  76.231
"GO_0017","C3/CALLISTO/C0368317900R.LBL                 ","J/IMG/GO/SSI/C0368317900","CALLISTO    ",   3.830,   4.282,   3.830,   4.282,  32.007,  32.472, 262.695, 263.159,  -7.222,  -6.757,   0.04237,   0.04256,   0.04499,   0.04559,    2086.704,    2096.157,  68.719,  69.253,  82.803,  83.253,  19.651,  20.997,  -1.145,  -1.145,  -1.145,  -1.145,  10.459,  10.459,  10.459,  10.459,   0.000, 360.000,   0.000, 360.000,   0.08998,   0.08998,    4431.317,    4431.317,  76.392,  76.392
"GO_0017","C3/CALLISTO/C0368317901R.LBL                 ","J/IMG/GO/SSI/C0368317901","CALLISTO    ",   3.830,   4.282,   3.830,   4.282,  32.007,  32.472, 262.695, 263.159,  -7.222,  -6.757,   0.04237,   0.04256,   0.04499,   0.04559,    2086.704,    2096.157,  68.719,  69.253,  82.803,  83.253,  19.651,  20.997,  -1.145,  -1.145,  -1.145,  -1.145,  10.459,  10.459,  10.459,  10.459,   0.000, 360.000,   0.000, 360.000,   0.08998,   0.08998,    4431.317,    4431.317,  76.392,  76.392
"GO_0017","C3/SML_SATS/C0368495800R.LBL                 ","J/IMG/GO/SSI/C0368495800","AMALTHEA    ", -36.196,  21.711, -53.237,  42.480, 193.001, 330.074,  45.955, 183.028, -33.942, 103.131,   8.89192,   8.89223,  12.20310,  15.25542,  875798.156,  875907.090,  30.910,  30.920,  50.055, 103.177,  43.226,  76.368,  -1.245,  -1.245,  -3.775,  -3.775,  -0.603,  -0.603,  -1.023,  -1.023,   0.000, 360.000,   0.000, 360.000,   8.89284,   8.89284,  875885.348,  875885.348,  30.916,  30.916
"GO_0017","C3/SML_SATS/C0368495813R.LBL                 ","J/IMG/GO/SSI/C0368495813","AMALTHEA    ", -28.861,  23.595, -50.949,  51.773, 185.203, 320.998,  55.095, 190.890, -41.807,  93.988,   8.89283,   8.89291,  12.37378,  16.42266,  875885.776,  875968.365,  30.914,  30.924,  49.714,  93.614,  44.053,  73.530,  -1.245,  -1.245,  -3.769,  -3.769,  -0.603,  -0.603,  -1.022,  -1.022,   0.000, 360.000,   0.000, 360.000,   8.89363,   8.89363,  875963.801,  875963.801,  30.919,  30.919
"GO_0017","C3/SML_SATS/C0368495820R.LBL                 ","J/IMG/GO/SSI/C0368495820","AMALTHEA    ", -36.846,  20.044, -53.100,  49.089, 170.343, 317.713,  58.457, 205.826, -56.747,  90.622,   8.89376,   8.89447,  11.46473,  50.02057,  875976.046,  876046.785,  30.919,  30.929,  52.025,  88.006,  39.126,  79.759,  -1.245,  -1.245,  -3.763,  -3.763,  -0.603,  -0.603,  -1.021,  -1.021,   0.000, 360.000,   0.000, 360.000,   8.89458,   8.89458,  876057.449,  876057.449,  30.923,  30.923
"GO_0017","C3/IO/C0368558239R.LBL                       ","J/IMG/GO/SSI/C0368558239","IO          ", -19.557,  80.678, -19.633,  80.799,  59.968, 302.847,  57.441, 300.320, -88.922, 153.958,   3.46142,   3.47945,   3.46146, 165.20140,  340922.735,  342732.905,  31.088,  31.558,   0.448, 119.623,   0.270,  89.378,  -1.288,  -1.288,  -1.308,  -1.308,  -1.074,  -1.074,  -1.087,  -1.087,   0.000, 360.000,   0.000, 360.000,   3.47992,   3.47992,  342749.464,  342749.464,  31.393,  31.393
"GO_0017","C3/IO/C0368558252R.LBL                       ","J/IMG/GO/SSI/C0368558252","IO          ", -83.646,  -4.900, -83.675,  -4.974,  57.532, 302.847,  57.461, 302.776, -91.373, 153.941,   3.46066,   3.47850,   3.47144, 105.51731,  340848.883,  342662.443,  31.094,  31.567,   3.711, 119.718,   4.521,  89.788,  -1.288,  -1.288,  -1.308,  -1.308,  -1.074,  -1.074,  -1.088,  -1.088,   0.000, 360.000,   0.000, 360.000,   3.47912,   3.47912,  342670.047,  342670.047,  31.397,  31.397
"GO_0017","C3/IO/C0368578900R.LBL                       ","J/IMG/GO/SSI/C0368578900","IO          ", -25.365,  55.773, -25.543,  56.136,  87.439, 302.847,  86.961, 302.368, -87.017, 128.391,   2.63354,   2.64577,   2.63355,   7.87514,  259380.078,  261140.652,  34.952,  35.454,  20.025, 121.177,   0.134,  88.013,  -1.288,  -1.288,  -1.304,  -1.304,  -1.216,  -1.216,  -1.234,  -1.234,   0.000, 360.000,   0.000, 360.000,   2.65205,   2.65205,  261209.342,  261209.342,  35.343,  35.343
"GO_0017","C3/SML_SATS/C0368591600R.LBL                 ","J/IMG/GO/SSI/C0368591600","THEBE       ", -10.757, -10.757, -14.694, -14.694, 307.236,  76.286, 223.773, 352.822,-112.455,  16.595,   7.49677,   7.49677,   8.26587,   8.26587,  738372.957,  738385.691,  60.374,  60.378,  41.539, 110.541,  24.915,  53.143,  -1.616,  -1.616,  -2.348,  -2.348,  -0.110,  -0.110,  -0.160,  -0.160,   0.000, 360.000,   0.000, 360.000,   7.49715,   7.49715,  738419.178,  738419.178,  60.377,  60.377
"GO_0017","C3/IO/C0368599800R.LBL                       ","J/IMG/GO/SSI/C0368599800","IO          ",   2.190,  82.060,   2.220,  82.094, 117.146, 302.847, 116.823, 302.524, -83.853, 101.848,   2.50291,   2.52108,   2.50792, 162.59902,  246512.502,  248303.464,  38.340,  38.841,  14.387, 113.782,   3.632,  89.111,  -1.287,  -1.287,  -1.296,  -1.296,  -0.991,  -0.991,  -1.005,  -1.005,   0.000, 360.000,   0.000, 360.000,   2.52136,   2.52136,  248336.937,  248336.937,  38.665,  38.665
"GO_0017","C3/IO/C0368599813R.LBL                       ","J/IMG/GO/SSI/C0368599813","IO          ", -64.542,  15.635, -64.832,  15.775, 111.663, 302.847, 116.844, 308.028, -89.352, 101.832,   2.50303,   2.51856,   2.50306,  16.00434,  246523.219,  248320.303,  38.345,  38.853,  14.224, 116.296,   0.260,  89.352,  -1.287,  -1.287,  -1.296,  -1.296,  -0.991,  -0.991,  -1.005,  -1.005,   0.000, 360.000,   0.000, 360.000,   2.52150,   2.52150,  248351.229,  248351.229,  38.669,  38.669
"GO_0017","C3/SML_SATS/C0368603500R.LBL                 ","J/IMG/GO/SSI/C0368603500","AMALTHEA    ", -12.950,  32.257, -35.356,  58.497, 234.363,  14.055, 188.377, 328.069, -99.514,  40.178,   8.31314,   8.31352,  11.43780,  34.37358,  818763.479,  818880.031,  48.561,  48.570,  37.627, 122.343,  43.375,  78.611,  -1.229,  -1.229,  -3.227,  -3.227,  -0.012,  -0.012,  -0.030,  -0.030,   0.000, 360.000,   0.000, 360.000,   8.31393,   8.31393,  818867.109,  818867.109,  48.566,  48.566
"GO_0017","C3/IO/C0368620000R.LBL                       ","J/IMG/GO/SSI/C0368620000","IO          ", -80.670,  24.910, -80.805,  25.001, 132.591, 309.953, 138.573, 315.935, -89.146,  88.217,   2.99996,   3.01806,   2.99998, 151.88461,  295462.332,  297268.444,  46.547,  47.051,   0.266, 117.998,   0.252,  89.637,  -1.286,  -1.286,  -1.291,  -1.291,  -0.540,  -0.540,  -0.545,  -0.545,   0.000, 360.000,   0.000, 360.000,   3.01835,   3.01835,  297287.163,  297287.163,  46.789,  46.789
"GO_0017","C3/EUROPA/C0368639400R.LBL                   ","J/IMG/GO/SSI/C0368639400","EUROPA      ", -20.710,  -7.039, -20.784,  -7.063, 188.772, 203.344, 248.581, 263.153, -17.783,  -3.211,   0.42038,   0.42207,   0.42520,   0.48061,   41404.185,   41570.420,  64.777,  65.283,  68.584,  83.283,   8.630,  28.574,  -0.827,  -0.827,  -0.827,  -0.827,   0.638,   0.638,   0.640,   0.640,   0.000, 360.000,   0.000, 360.000,   0.43606,   0.43606,   42949.243,   42949.243,  65.385,  65.385
"GO_0017","C3/EUROPA/C0368639413R.LBL                   ","J/IMG/GO/SSI/C0368639413","EUROPA      ", -20.907,  -7.174, -20.982,  -7.201, 175.953, 192.368, 259.568, 275.983, -30.552, -14.137,   0.42115,   0.42307,   0.43970,   0.50820,   41479.701,   41739.012,  64.435,  64.942,  79.512,  95.295,  16.703,  38.196,  -0.827,  -0.827,  -0.827,  -0.827,   0.638,   0.638,   0.640,   0.640,   0.000, 360.000,   0.000, 360.000,   0.43636,   0.43636,   42978.356,   42978.356,  65.446,  65.446
"GO_0017","C3/EUROPA/C0368639426R.LBL                   ","J/IMG/GO/SSI/C0368639426","EUROPA      ", -55.749, -35.674, -55.855, -35.776, 162.489, 195.908, 256.038, 289.457, -43.965, -10.546,   0.42422,   0.42900,   0.54596,   0.91493,   41781.672,   42420.513,  64.728,  65.236,  78.184,  99.995,  39.012,  68.959,  -0.827,  -0.827,  -0.827,  -0.827,   0.637,   0.637,   0.639,   0.639,   0.000, 360.000,   0.000, 360.000,   0.43665,   0.43665,   43007.525,   43007.525,  65.507,  65.507
"GO_0017","C3/EUROPA/C0368639600R.LBL                   ","J/IMG/GO/SSI/C0368639600","EUROPA      ",  -9.650,   3.724,  -9.688,   3.738, 178.319, 192.967, 259.100, 273.748, -27.533, -12.885,   0.84956,   0.85203,   0.87306,   0.95508,   41836.669,   42002.466,  65.256,  65.761,  79.048,  93.559,  13.326,  30.344,  -0.827,  -0.827,  -0.827,  -0.827,   0.634,   0.634,   0.636,   0.636,   0.000, 360.000,   0.000, 360.000,   0.88043,   0.88043,   43358.274,   43358.274,  66.229,  66.229
"GO_0017","C3/IO/C0368641300R.LBL                       ","J/IMG/GO/SSI/C0368641300","IO          ", -39.753,  80.419, -39.999,  80.511, 151.100, 326.938, 152.006, 327.845, -87.557,  88.282,   4.11120,   4.12918,   4.11132, 146.45210,  404907.028,  406709.281,  60.149,  60.547,   1.003, 114.491,   0.438,  89.613,  -1.285,  -1.285,  -1.294,  -1.294,  -0.145,  -0.145,  -0.146,  -0.146,   0.000, 360.000,   0.000, 360.000,   4.12951,   4.12951,  406728.928,  406728.928,  60.293,  60.293
"GO_0017","C3/RINGS/C0368974139R.LBL                    ","J/IMG/GO/SSI/C0368974139","ADRASTEA    ",-999.000,-999.000,-999.000,-999.000,-999.000,-999.000,-999.000,-999.000,-999.000,-999.000,-999.00000,-999.00000,-999.00000,-999.00000,    -999.000,    -999.000,-999.000,-999.000,-999.000,-999.000,-999.000,-999.000,  -1.258,  -1.258,  -1.677,  -1.677,   0.470,   0.470,   0.630,   0.630,   0.000, 360.000,   0.000, 360.000,  23.26306,  23.26306, 2291257.690, 2291257.690, 177.681, 177.681
"GO_0017","C3/RINGS/C0368975922R.LBL                    ","J/IMG/GO/SSI/C0368975922","METIS       ",-999.000,-999.000,-999.000,-999.000,-999.000,-999.000,-999.000,-999.000,-999.000,-999.000,-999.00000,-999.00000,-999.00000,-999.00000,    -999.000,    -999.000,-999.000,-999.000,-999.000,-999.000,-999.000,-999.000,  -1.258,  -1.258,  -2.077,  -2.077,   0.493,   0.493,   0.789,   0.789,   0.000, 360.000,   0.000, 360.000,  44.50182,  44.50182, 2191567.202, 2191567.202, 176.408, 176.408
"GO_0017","C3/IO/C0368981445R.LBL                       ","J/IMG/GO/SSI/C0368981445","IO          ",-999.000,-999.000,-999.000,-999.000,-999.000,-999.000, 271.228,  74.219,-999.000,-999.000,-999.00000,-999.00000,-999.00000,-999.00000, 2140216.069, 2141959.758, 169.235, 169.328,  91.870, 177.019,   3.253,  87.788,  -1.275,  -1.275,  -1.283,  -1.283,   0.530,   0.530,   0.532,   0.532,   0.000, 360.000,   0.000, 360.000,  43.49598,  43.49598, 2142033.051, 2142033.051, 169.283, 169.283
"GO_0017","C3/IO/C0368981500R.LBL                       ","J/IMG/GO/SSI/C0368981500","IO          ",   9.162,   9.162,   9.287,   9.287, 179.594, 339.850, 264.938,  65.193, -75.884,  84.372,  43.50547,  43.50547, 431.29669, 431.29669, 2140901.339, 2142540.243, 169.240, 169.333,  85.413, 176.913,   2.824,  84.207,  -1.275,  -1.275,  -1.283,  -1.283,   0.529,   0.529,   0.532,   0.532,   0.000, 360.000,   0.000, 360.000,  43.50991,  43.50991, 2142719.019, 2142719.019, 169.285, 169.285
